1.25466e+06 25386.3
1.25466e+06 25386.5
1.25466e+06 25386.4
1.25466e+06 25386.4
1.25466e+06 25386.4
1.25466e+06 25386.5
1.25466e+06 25386.4
1.25466e+06 25386.4
1.25466e+06 25386.3
1.25466e+06 25386.4
1.25466e+06 25386.4
1.25466e+06 25386.4
1.25466e+06 25386.4
1.25466e+06 25386.4
1.25466e+06 25386.4
1.25466e+06 25386.3
1.25466e+06 25386.4
1.25466e+06 25386.4
1.25466e+06 25386.4
1.25466e+06 25386.4
1.25466e+06 25386.3
1.25466e+06 25386.5
1.25466e+06 25386.3
1.25466e+06 25386.3
1.25466e+06 25386.3
1.25466e+06 25386.4
1.25466e+06 25386.4
1.25466e+06 25386.5
1.25466e+06 25386.4
1.25466e+06 25386.4
1.25466e+06 25386.4
1.25466e+06 25386.4
1.25466e+06 25386.3
1.25466e+06 25386.4
1.25466e+06 25386.4
1.25466e+06 25386.5
1.25466e+06 25386.3
1.25466e+06 25386.3
1.25466e+06 25386.3
1.25466e+06 25386.5
1.25466e+06 25386.4
1.25466e+06 25386.5
1.25466e+06 25386.3
1.25466e+06 25386.5
1.25466e+06 25386.4
1.25466e+06 25386.4
1.25466e+06 25386.4
1.25466e+06 25386.4
1.25466e+06 25386.3
1.25466e+06 25386.3
1.25466e+06 25386.3
1.25466e+06 25386.4
1.25466e+06 25386.5
1.25466e+06 25386.4
1.25466e+06 25386.4
1.25466e+06 25386.5
1.25466e+06 25386.4
1.25466e+06 25386.3
1.25466e+06 25386.4
1.25466e+06 25386.3
1.25466e+06 25386.4
1.25466e+06 25386.3
1.25466e+06 25386.3
1.25466e+06 25386.5
1.25466e+06 25386.3
1.25466e+06 25386.4
1.25466e+06 25386.4
1.25466e+06 25386.5
1.25466e+06 25386.4
1.25466e+06 25386.4
1.25466e+06 25386.5
1.25466e+06 25386.5
1.25466e+06 25386.3
1.25466e+06 25386.4
1.25466e+06 25386.4
1.25466e+06 25386.5
1.25466e+06 25386.4
1.25466e+06 25386.4
1.25466e+06 25386.3
1.25466e+06 25386.4
1.25466e+06 25386.4
1.25466e+06 25386.5
1.25466e+06 25386.3
1.25466e+06 25386.3
1.25466e+06 25386.3
1.25466e+06 25386.4
1.25466e+06 25386.4
1.25466e+06 25386.5
1.25466e+06 25386.3
1.25466e+06 25386.4
1.25466e+06 25386.4
1.25466e+06 25386.5
1.25466e+06 25386.5
1.25466e+06 25386.3
1.25466e+06 25386.3
1.25466e+06 25386.5
1.25466e+06 25386.3
1.25466e+06 25386.4
1.25466e+06 25386.5
1.25466e+06 25386.5
1.25466e+06 25386.4
1.25466e+06 25386.5
1.25466e+06 25386.5
1.25466e+06 25386.5
1.25466e+06 25386.4
1.25466e+06 25386.4
1.25466e+06 25386.5
1.25466e+06 25386.5
1.25466e+06 25386.4
1.25466e+06 25386.5
1.25466e+06 25386.3
1.25466e+06 25386.3
1.25466e+06 25386.4
1.25466e+06 25386.5
1.25466e+06 25386.3
1.25466e+06 25386.4
1.25466e+06 25386.4
1.25466e+06 25386.4
1.25466e+06 25386.4
1.25466e+06 25386.4
1.25466e+06 25386.3
1.25466e+06 25386.4
1.25466e+06 25386.3
1.25466e+06 25386.4
1.25466e+06 25386.3
1.25466e+06 25386.5
1.25466e+06 25386.4
1.25466e+06 25386.5
