128
 -0.947752 0.11539 0
 0.208106 -0.799615 0
 0.063509 -0.000152593 0
 -0.523728 -0.396161 0
 -0.688955 -0.362774 0
 0.162145 -0.462996 0
 -0.816218 0.0690634 0
 -0.482589 -0.883236 0
 0.714591 -0.954588 0
 0.745537 0.37083 0
 -0.0925626 -0.706656 0
 0.44792 0.147679 0
 -0.7434 -0.790033 0
 0.793634 0.859493 0
 -0.230689 0.0444655 0
 0.223304 -0.381512 0
 -0.195471 0.630848 0
 -0.498459 -0.668386 0
 0.0411695 -0.26603 0
 0.928648 0.313639 0
 0.887692 -0.928953 0
 -0.474349 -0.0174261 0
 -0.3549 -0.928098 0
 0.00436415 -0.799677 0
 -0.262917 0.439497 0
 0.334941 0.81933 0
 -0.681875 -0.425886 0
 -0.276589 0.999207 0
 -0.425947 0.923338 0
 -0.187292 0.85577 0
 0.0258492 0.320048 0
 0.917539 -0.996033 0
 -0.850337 0.37138 0
 0.108188 0.558458 0
 -0.373272 -0.0392163 0
 0.953795 -0.847407 0
 0.533494 0.92645 0
 -0.26194 -0.458602 0
 -0.213721 -0.0232246 0
 -0.0388501 -0.653127 0
 -0.847407 0.908444 0
 -0.0620441 -0.488021 0
 -0.85931 -0.814386 0
 -0.692618 0.0231635 0
 0.0810266 -0.0529496 0
 -0.736015 0.46556 0
 0.711417 -0.500229 0
 0.325053 -0.0276803 0
 0.5786 -0.635304 0
 0.444624 0.131199 0
 -0.431257 0.93469 0
 -0.711539 -0.589526 0
 0.879757 -0.190893 0
 -0.518357 0.667165 0
 0.746391 -0.133824 0
 0.640309 0.299173 0
 -0.7669 0.136265 0
 -0.99762 0.60564 0
 -0.59508 0.538621 0
 0.467757 -0.0845668 0
 -0.809931 -0.456648 0
 -0.139012 0.048677 0
 -0.753533 -0.177526 0
 0.22953 -0.327677 0
 -0.855708 0.951292 0
 0.989685 -0.88702 0
 -0.821711 -0.77752 0
 0.73217 -0.810724 0
 0.120396 -0.362346 0
 -0.499069 -0.374248 0
 0.227149 0.135044 0
 0.356731 -0.387738 0
 -0.186926 -0.880306 0
 -0.961486 0.0694906 0
 0.703116 0.35612 0
 -0.464827 0.184301 0
 0.8764 0.286905 0
 0.379376 -0.22251 0
 -0.38609 -0.160619 0
 -0.522813 0.0654622 0
 -0.537278 -0.216224 0
 0.285012 0.379376 0
 0.328837 -0.296304 0
 -0.85345 -0.596545 0
 0.0116886 -0.357036 0
 0.603076 0.496017 0
 0.49266 0.490951 0
 0.487838 -0.346049 0
 0.289468 0.16776 0
 -0.380963 -0.314737 0
 0.190039 -0.32609 0
 -0.0973235 -0.849422 0
 0.677541 0.0649129 0
 -0.342326 -0.363079 0
 0.359233 0.414289 0
 -0.0232856 -0.0743126 0
 -0.288064 -0.172277 0
 0.934568 0.618213 0
 -0.543626 -0.429914 0
 -0.543992 -0.219825 0
 -0.127415 0.368633 0
 -0.342326 -0.83105 0
 0.369671 0.953856 0
 -0.526475 -0.395672 0
 -0.378277 0.902036 0
 0.379254 -0.952818 0
 -0.417096 -0.159948 0
 0.0257881 -0.0524003 0
 -0.306497 0.0771203 0
 0.596667 -0.575732 0
 0.590197 0.723441 0
 0.699332 0.839412 0
 -0.367229 0.36082 0
 -0.395245 0.329997 0
 -0.440413 0.326151 0
 -0.352641 0.859004 0
 0.584399 -0.329569 0
 -0.403058 -0.651845 0
 -0.7528 -0.143651 0
 0.816401 -0.543931 0
 0.331889 0.256508 0
 -0.983215 -0.43791 0
 -0.838435 0.515244 0
 -0.57738 0.521165 0
 0.587024 0.835688 0
 0.159825 0.749443 0
 -0.0226753 0.255531 0
 -0.321329 -0.794549 0
