-0.0930296 -0.0744743
0.033079 0.084753
-0.0851009 0.0446272
-0.0321696 0.0422346
0.0435224 -0.00346385
0.0757744 0.0965819
-0.0614185 -0.0406781
-0.0233192 0.0264138
0.0502426 -0.0755608
-0.0294656 0.00884732
-0.0840388 -0.0270974
0.0339213 -0.0447249
-0.0217261 -0.0528001
0.0293069 0.00843837
-0.081579 -0.0248634
-0.0414777 -0.0929136
-0.012595 0.00190741
-0.00843226 0.0245338
-0.0845882 -0.0134129
-0.0979125 -0.0128208
0.081164 -0.0806574
0.0407697 0.0794366
-0.0778924 -0.0843806
0.0777886 -0.0587756
0.0670339 -0.0565111
0.0457503 -0.0357158
-0.0279275 0.0404706
-0.0857845 0.0935606
-0.0584338 -0.0239418
0.0271279 0.039903
-0.0851009 0.0162267
0.0343547 0.010416
-0.0994201 -0.0539415
0.0486984 -0.0374737
0.0388958 0.00691855
0.0594409 0.0882382
-0.0257302 -0.0957335
-0.0661367 -0.0653798
-0.0813044 -0.0575121
0.0378826 0.0669607
0.087402 0.0428266
0.00703452 0.0806513
0.0879818 -0.0991211
0.099176 0.0682546
-0.0555651 0.0397198
0.0600024 -0.0521714
-0.0629444 0.0150182
-0.0672231 -0.041142
-0.0602832 -0.0716666
-0.0566088 -0.0680288
0.0355815 -0.095117
0.0920835 0.0388287
0.0926206 0.0919919
-0.016953 0.0282144
0.080163 0.0345073
-0.0767754 0.0548265
0.00767541 -0.0165502
0.021427 -0.0931944
0.0670705 -0.00596637
-0.0809015 -0.0616016
0.0597766 -0.0305216
0.0840449 -0.0860897
0.0898434 -0.0932798
0.0981811 0.069274
0.00428175 -0.099646
0.0708182 -0.00261544
-0.0380291 -0.0389935
0.00845058 0.0636097
0.0122349 0.00442213
0.0725333 -0.0424787
0.0645558 0.06751
-0.0436628 0.0873104
-0.0695486 -0.0924192
-0.0877743 0.022898
0.0189489 0.0410688
0.0605884 0.0942869
-0.0332682 -0.0221229
-0.0884091 -0.048912
-0.0155797 -0.0922117
-0.0688162 -0.0102512
-1.52593e-05 -0.00502029
0.0823786 0.054503
-0.0191931 -0.0629444
-0.0267495 -0.0815241
-0.0846126 -0.0552599
-0.0571947 -0.0488876
0.0361797 -0.00143132
-0.0840388 0.0781182
-0.0354289 -0.0612781
-0.041026 0.0402936
-0.0405133 0.0443831
-0.0335551 0.0574389
-0.0492843 0.0587268
0.0112705 -0.0964537
-0.0617725 -0.0840754
-0.0113132 0.0996399
0.0387921 -0.0736808
0.085754 0.0303323
-0.0389142 0.0760491
-0.0925657 0.0906064
-0.00938444 -0.00262154
-0.00940886 0.068804
0.0655995 0.0660268
-0.0628773 0.0722282
0.0251137 -0.0183996
0.0974609 0.00162053
0.0108188 0.0876156
0.0357524 0.0806391
-0.0966247 -0.0129307
-0.0920896 0.0467269
-0.0250465 -0.0899106
-0.016184 -0.0904782
0.0389019 -0.0102634
0.0448531 0.0831233
0.0780511 -0.0977599
0.0881954 -0.00160833
0.0326884 0.0280007
0.0688772 0.00164495
-0.0703909 -0.0105564
-0.088934 0.0458602
0.0334147 -0.0777947
-0.080285 -0.019248
0.00129093 -0.0643422
0.0238258 -0.0520737
-0.0773858 -0.0808039
-0.017362 0.0873226
0.0245277 -0.0495224
-0.0140416 0.0612659
-0.0752068 0.0618397
-0.0201575 0.0023835
0.0131932 0.0211707
-0.0510239 -0.0084994
0.0426252 0.0835322
0.0868831 0.0719657
-0.0887204 -0.0303323
0.0853206 -0.0935179
-0.0829279 0.0277749
0.0740471 0.0828303
0.0655385 0.0346599
0.0422407 -0.0254189
-0.0874325 -0.00732749
0.0727958 -0.0367412
-0.0768792 -0.0214393
0.0207495 -0.072045
0.0271767 0.000485244
-0.0328593 0.00885952
-0.0457381 -0.0804132
0.0794794 -0.0491623
0.0277078 -0.00785241
0.0100864 0.0333232
-8.85037e-05 0.0887753
0.0636219 0.0928282
0.00991546 -0.0532151
0.0649831 0.0442122
0.0444258 -0.0880001
-0.0411847 0.00713828
-0.0163427 -0.0737175
0.071984 0.0437422
0.0131748 0.0170263
0.0700735 0.0139378
0.0830073 0.0447981
-0.0605884 -0.0454451
-0.00475173 -0.0344829
0.0256508 0.0885617
0.00145573 -0.0367351
0.0602222 0.0705374
0.0910642 -0.0899106
0.00599689 -0.0251564
0.0520432 -0.0910215
0.0533189 0.0325358
0.0850764 -0.0236671
-0.00236518 0.0233802
0.0525193 0.0200903
-0.0699454 -0.0707999
-0.0566271 -0.0301614
0.0720634 -0.045201
0.0355083 0.015128
0.0855831 -0.0772759
-0.0636097 0.00823084
0.0896908 -0.0519272
-0.0163488 -0.0124241
-0.0847407 -0.000332652
-0.0134617 0.0782037
0.0287027 0.0537706
-0.0102206 -0.0746513
0.0560961 0.0466781
0.040849 -0.0824519
-0.0609973 -0.0676626
0.0420515 -0.0446211
0.0531236 0.0513291
0.0686392 0.0222022
-0.0788934 -0.0825983
0.0341288 -0.0869076
0.0507981 0.0278726
0.0841975 -0.0217689
-0.0699637 0.0040437
0.000314341 0.0369854
-0.0905637 0.0680288
-0.00560625 -0.0810724
0.00424512 -0.0379315
-0.0242836 -0.0118748
-0.0533921 -0.0832392
0.0713675 -0.0932127
-0.0804987 -0.0257057
0.0814142 -0.00529496
-0.0964721 0.0730644
0.0501633 0.0405683
0.0678396 -0.000167852
0.0345988 -0.0784539
-0.0635182 0.0157445
0.0514023 0.0873104
-0.038609 0.0623768
0.0837275 0.0646779
0.0332316 -0.0458113
-0.0710623 0.0393658
-0.0386212 0.0634693
-0.0313028 0.0707999
0.0543931 -0.0958373
0.0425031 -0.00355541
0.031962 -0.0792169
-0.0940001 -0.0181372
-0.000112918 0.0886044
0.0553697 -0.0273537
-0.0808649 0.0314432
-0.00113834 0.00461135
-0.0996948 0.0633412
-0.0429975 0.0284585
-0.0452925 0.0602283
0.0724052 0.00506912
-0.0666372 -0.0320414
-0.0892758 -0.0721732
0.0851314 0.0529344
-0.0661916 -0.0719108
-0.0347636 -0.0984863
-0.0736259 -0.0798395
-0.0745659 0.0745964
0.0574694 -0.058092
-0.0829585 0.0233741
-0.0420637 0.0473922
0.0381512 -0.0271828
0.0951537 -0.0923582
-0.0438093 -0.0210852
0.0262368 -0.0240394
0.0371807 0.0660085
0.0111301 -0.0261574
-0.0871822 0.0504074
-0.033433 -0.0460982
-0.0832575 -0.043321
0.0423872 0.0960082
-0.0788079 0.0327006
0.00135197 0.0928343
0.00526444 0.0697562
0.0837153 0.0811396
0.086108 0.0340678
-0.0621937 -0.0249977
-0.0557543 -0.0841914
0.0979186 -0.0427473
-0.0257118 0.00197455
-0.00939055 -0.0146702
0.0922544 0.0793695
-0.0490707 0.0679128
-0.0691763 -0.0261635
0.0295145 -0.0315836
-0.0462569 -0.0678152
0.0720206 0.0917783
0.020542 0.0528306
0.0520554 0.010593
0.0330058 0.0715506
-0.0611133 -0.0129002
-0.00557573 -0.0913694
0.081164 -0.0530564
-0.0869259 0.0835139
-0.0121311 0.0612964
0.0810297 0.00326853
0.0878597 -0.00666219
-0.0403729 0.0312235
-0.0509262 -0.0345439
0.00286569 -0.0581713
-0.0611255 -0.0965453
0.0498764 0.0681753
0.00654012 0.0138768
0.017832 -0.0517197
-0.0306558 0.0508469
-0.0735099 -0.0234901
-0.0166173 0.0285867
-0.0143895 0.0662587
-0.0195776 0.0359172
-0.023484 0.0302774
-0.0480209 -0.0911069
0.0590686 0.0848018
0.0619739 0.0179907
0.0352458 -0.0162694
0.069097 -0.0740959
0.000656148 -0.0108127
0.0402081 -0.0276528
0.0151524 -0.0153905
0.0360454 -0.0579455
-0.0761528 -0.0633045
-0.0496506 0.0722282
-0.0402081 0.012418
-0.0161351 -0.0443464
0.059508 -0.0426313
-0.0657216 -0.00412915
-0.0773064 0.0416913
-0.016538 -0.0295999
-0.0526841 -0.020188
-0.0367901 -0.041435
0.0713065 -0.0697012
-0.0192419 -0.0100803
0.0521836 -0.0180212
-0.0146825 0.0696707
0.0158361 0.0327189
-0.0431379 -0.0627064
0.00563066 0.0669424
0.0984375 0.0146275
-0.0367779 -0.0616932
-0.0867794 0.0996094
0.0722282 0.0636708
-0.0523423 0.0620228
0.0960143 -0.0653981
0.0817743 0.0974364
0.0409589 0.0528245
-0.0519517 -0.00441603
-0.0237465 -0.00441603
-0.039903 -0.0205664
-0.0583239 0.0175207
-0.0677358 -0.0287454
-0.0255654 0.0949644
-0.0284097 0.0418378
-0.0135228 0.0191443
0.0232215 0.0992004
-0.076635 0.0444685
-0.0493881 -0.0270241
-0.0638905 0.0980956
-0.0682546 -0.0491928
-0.00290841 0.0571154
0.0526292 -0.0771477
0.0913999 0.0995727
0.0792535 -0.00919523
0.0147984 0.0355022
0.0893857 0.0976257
-0.0903867 0.0243751
-0.0546495 -0.0658193
-0.0302835 -0.0149266
0.0890683 0.079162
0.0459273 -0.0953185
0.0405805 0.0283242
-0.0169591 -0.0475753
0.0814325 0.0695791
0.019779 0.00482498
-0.0960265 0.0599597
0.0828242 0.0885678
-0.0920164 0.0607654
-0.093701 -0.0529466
-0.0742119 0.0872494
0.00787072 0.037199
0.0571459 -0.0711051
0.0527207 -0.0376446
-0.0048616 0.0967895
0.0366802 0.0480148
-0.075634 0.0540025
0.0197668 0.0661916
-0.0273782 -0.0143529
0.041319 0.0149632
0.0973327 0.0644581
-0.0519333 -0.0406842
-0.0119785 0.0684072
-0.033665 0.0395489
0.0660695 -0.093469
-0.0504135 0.0535447
-0.0370708 -0.0908261
-0.0673208 -0.0809137
-0.0418439 0.0389447
-0.0760247 0.0225257
-0.0415754 0.078637
-0.0334086 -0.0399945
0.0988464 -0.0476485
3.96741e-05 0.0775384
-0.0522813 0.0360637
-0.0464827 -0.0838801
-0.00379345 0.0139012
0.00209662 -0.0317545
0.0138157 -0.0636341
0.0170202 0.0519211
-0.048674 0.0367718
-0.0585803 -0.0914731
-0.0278481 -0.0378826
-0.077337 -0.0691702
0.0934446 -0.0253212
-0.0673879 0.0272011
0.0182775 -0.0194311
-0.0930479 -0.0714774
0.0400739 -0.058562
-0.0649648 -0.0561571
0.000503555 -0.0742851
-0.0687857 0.0711783
-0.0177831 -0.0445296
-0.0807917 0.0695608
-0.082458 -0.0947081
-0.039494 -0.001236
-0.00551469 0.00934172
0.0582202 0.0327616
0.041203 0.0328349
0.0675344 0.0533311
-0.029722 0.0642872
-0.0559008 0.0299478
0.0639943 -0.0153294
-0.0384625 0.0922849
-0.0181005 -0.0302347
0.0293008 -0.0985046
0.0718253 0.0820002
-0.0577685 0.026664
0.0657582 -0.0920408
0.0930174 -0.0675588
-0.0583605 0.0979003
0.0786859 0.0844356
0.0325053 -0.0366558
-0.0673574 -0.0217566
-0.0359233 -0.0106601
0.0132237 -0.00124821
-0.0978149 0.0171789
0.0801813 -0.0844234
0.0911374 -0.0457442
-0.009653 -0.0787408
-0.0355937 -0.0329508
-0.0563829 0.0181249
0.0088168 0.0135533
-0.0893551 0.0603687
0.0634816 0.0714286
-0.0266396 0.0573412
0.0347819 -0.0818842
0.00968963 0.0445235
-0.0914121 0.0191565
0.053618 -0.0717704
0.041026 -0.0190954
-0.0380718 0.0104953
0.00894498 -0.0759697
-0.0811823 0.000161748
0.00151067 0.0339213
0.0096408 0.0166723
0.0339396 0.0442915
-0.00496536 -0.00740074
-0.0351604 -0.0897397
-0.0832331 -0.0186865
-0.00171209 0.0271584
0.0663564 -0.0240638
0.0519028 0.0511765
-0.0521043 -0.0541307
0.0722159 0.0783868
-0.0337016 0.0972289
0.0785333 0.0380535
0.0721122 0.0632252
0.0165868 0.0567797
0.0942564 0.0310038
0.00317087 0.0494858
-0.00807825 -0.0890133
0.0430769 0.0937193
-0.0431562 -0.0449507
-0.000485244 0.0432844
-0.00282296 -0.0702017
0.0993286 -0.0622974
-0.0656545 0.0511704
-0.0458235 0.0635243
0.0439497 -0.0134129
-0.0209204 0.0238868
0.0721183 -0.0690298
-0.010654 0.0725455
0.0584582 0.0628468
0.0573778 0.0685781
0.0969604 -0.0133213
0.0104282 -0.0919675
0.0659658 0.0679373
0.0506638 -0.011185
0.0585803 0.0668508
0.0787164 -0.0349956
-0.0553026 -0.0226539
0.00199896 -0.0531358
-0.00405591 0.0772332
0.00904874 0.00285348
0.00473342 0.0960082
0.0911618 -0.0802301
0.028721 -0.0935179
-0.00754112 0.0774041
-0.00808435 0.0465133
0.0698416 -0.00613117
0.0736625 0.0769951
0.0438337 -0.00210273
-0.0832331 0.0824763
-0.0782159 -0.0156713
-0.0139683 -0.0793695
0.0745598 -0.0909421
-0.0916074 -0.0732597
-0.0520493 -0.020304
-0.0740043 0.0795648
-0.0098056 -0.00186468
0.0933775 -0.065276
0.0766594 0.0114048
-0.049968 -0.0679983
0.0131199 -0.0731132
0.0996887 -0.0173559
-0.0012421 0.0483139
0.0273476 -0.0569872
0.0301981 -0.0113498
-0.0144017 0.0808405
-0.0722221 -0.0837642
0.0812555 -0.0597339
-0.0345927 -0.0096469
-0.00639973 -0.0879818
-0.0149083 -0.0575121
0.0556139 -0.0851497
-0.0224586 0.0595752
-0.0707327 0.0945982
0.0100436 -0.0746025
0.00622883 -0.0529649
0.0828242 -0.0234779
-0.034788 -0.0291116
-0.00484329 0.028843
0.0172338 0.0570544
0.00257271 0.0311258
0.0699637 -0.079516
-0.0537645 0.00177923
-0.0574816 -0.0191137
0.0358928 0.0050264
0.0618763 -0.00153508
-0.0324381 -0.0772027
-0.0278542 0.071044
-0.042729 0.0786126
0.0880428 0.098706
-0.0279702 0.0696158
0.0237098 -0.0776666
-0.0606983 0.0630726
-0.071807 0.0421613
0.016306 -0.0863765
-0.0411969 -0.0773186
-0.0997314 -0.0425947
-0.0763848 -0.00985443
0.0609912 0.0394452
0.0243873 -0.0711356
0.0768731 0.0304605
-0.0689505 -0.0173986
-0.0442305 -0.0105869
-0.08081 0.0673147
0.0218299 0.0279641
-0.0984191 0.0014069
0.0495773 0.0331584
0.0851558 0.0599048
0.0265603 -0.0954466
0.084582 -0.0413862
0.0257363 0.0620899
0.0237953 0.0747124
-0.0311563 0.0808222
0.0565844 0.00978729
-0.0378704 0.00896329
0.0376385 -0.098175
-0.0145299 0.025309
-0.0248024 -0.00777306
0.016361 -0.00760826
-0.00339061 0.0541124
-0.0301248 -0.0384136
0.0580309 -0.01171
-0.0641102 -0.0136021
-0.0705313 -0.00701621
0.0948424 -0.099762
0.0865719 0.0136631
-0.00678426 0.0149083
0.0401715 0.0792047
-0.0398968 -0.00404981
-0.0648976 0.0306314
-0.0540086 0.0713248
-0.0506943 0.0486557
-0.0349467 0.0294595
-0.0753716 0.0863643
0.0222388 -0.0369671
-0.039494 0.013126
-0.0936399 0.0146764
0.00175481 -0.0237953
-0.0695486 0.0809442
-0.0481796 -0.0139134
0.000637837 -0.0693533
-0.0574023 0.031962
0.0947813 0.0940062
0.0921751 -0.0665273
-0.0678945 -0.0213843
-0.018302 0.0351421
-0.0848323 -0.0312357
-0.0173009 -0.0505234
-0.0747551 -0.0359416
0.0659352 0.0552965
0.0525559 -0.0861263
0.0232276 -0.0427046
0.0424604 0.00369579
-0.0665944 0.0132481
-0.0610462 0.0496506
0.00363475 -0.065038
-0.0933103 -0.0424665
0.0173742 -0.0305887
-0.0873104 0.0025483
-0.0797357 0.0660939
0.0491562 -0.0140904
-0.0248695 -0.0629566
-0.0215003 0.0247719
0.0173498 0.0156652
0.0819208 0.0314982
0.0419233 0.0205603
-0.00729698 0.038731
0.053386 -0.0691885
0.0955992 0.0263466
0.00986663 0.0787652
0.0733818 0.00663167
-0.00743126 -0.0333842
0.0820063 0.0239296
0.0318461 -0.0868221
0.03549 0.0249733
-0.0788079 -0.0631336
-0.0181921 0.0561632
0.0504013 -0.0186804
0.0510666 -0.0559252
-0.0109531 0.0898434
-0.0428205 -0.0845882
0.0516709 0.0349345
-0.0656606 -0.0873592
-0.0241737 0.00910978
0.089465 0.0615894
-0.055736 0.083343
0.0519272 0.0472579
0.0825434 0.0392987
-0.0981872 0.0541002
0.0632008 0.0816767
0.0579455 0.0269448
-0.0520737 0.0368633
-0.0931333 -0.0910642
0.0987793 -0.0558336
0.05421 0.0126682
0.0898373 0.0458968
-0.0205908 -0.0192907
0.050499 0.0824641
-0.0246376 0.0919065
-0.0283486 0.0988891
-0.0460128 -0.0303812
0.00599078 0.0688406
-0.000943022 0.0481307
0.0937193 -0.0574999
0.0476119 0.0535508
-0.0551073 0.0245521
-0.0189245 0.055388
-0.0903134 0.0883969
-0.0926023 -0.0549181
-0.0322428 -0.066924
-0.0844905 0.0977905
-0.0319987 -0.0110569
0.0832209 0.073516
-0.0500229 0.0784173
0.0199255 -0.085931
0.0782281 -0.0619312
-0.0746513 0.0919004
0.0206763 0.00834071
0.0454939 0.0671194
-0.0974914 0.096997
-0.0928526 -0.0909421
0.0666189 0.022721
0.0121616 -0.0615284
-0.0280313 0.0450301
-0.0272988 0.0466781
0.0611194 -0.0132359
-0.0311808 0.0479171
-0.0719108 0.0553758
-0.090521 -0.0787713
0.0179357 0.069335
-0.0215735 0.0979431
-0.0108554 0.0958617
-0.0540208 0.0511277
-0.0297891 0.00619831
-0.071807 -0.0566759
0.0415937 -0.0452376
-0.0255837 -0.0113498
-0.0256752 0.0883358
-0.0352641 0.085638
-0.0435102 0.091583
-0.00166326 -0.0229652
-0.0611438 0.0751946
-0.0457869 0.0927976
-0.0691092 0.0128025
0.00531327 -0.0674978
0.0784478 0.0329997
-0.032487 -0.0564379
0.054265 -0.027311
0.0645741 -0.048735
-0.00727866 0.0980102
-0.00962859 0.0971191
0.0998779 -0.000930815
0.0496628 -0.0584277
-0.0297891 -0.035197
0.058562 0.0875484
-0.0587695 0.0441145
-0.013889 -0.019248
-0.0827692 0.0995911
0.0180395 0.0434004
-0.00655232 0.0601123
0.0240883 -0.00278024
-0.0881832 0.0784417
-0.0899167 -0.0677664
0.0796869 0.0002472
0.0360393 -0.022483
-0.0174047 0.0506088
-0.0185156 -0.0699026
-0.0774712 -0.0555895
0.0393719 0.0983642
-0.0872799 -0.0732109
-0.0803278 -0.0838862
0.0604236 -0.0500656
0.0440779 -0.0163488
0.0687674 0.0924253
-0.0871273 0.0919858
-0.010947 0.0274209
-0.0745842 0.086523
0.0546373 0.0459517
-0.0647023 -0.0734977
-0.0722404 0.0414777
-0.0784234 -0.00366527
-0.00953093 -0.0378948
0.0572619 0.0251442
0.0109653 -0.0634632
-0.0437056 0.0707755
0.0165563 -0.0197974
-0.019657 -0.0754692
-0.0954649 0.0876278
-0.0134556 -0.00718101
0.0222083 0.0174169
-0.00243233 0.0120151
0.0472396 -0.0238807
-0.0248207 0.0528001
-0.000277718 -0.0929502
-0.0214454 -0.0298318
-0.0829035 -0.00942717
0.0886166 -0.0445723
0.0232337 0.0618397
-0.0203528 -0.0536485
-0.0771538 -0.0475387
-0.080578 -0.0481674
0.0526597 0.0621998
0.0790948 0.0472152
-0.079693 -0.033018
-0.0659352 0.0965819
-0.037431 -0.0304605
0.0372051 -0.0417585
-0.046202 -0.00117496
-0.0545091 0.0297037
-0.00386059 -0.0354656
-0.0185034 0.088287
0.0225501 -0.0270363
0.0108249 0.0837519
0.0440107 -0.0895993
-0.0831416 0.0390912
0.0721061 0.000424207
-0.0459944 -0.0841975
-0.0517747 0.0411786
0.0607044 -0.000167852
0.010715 -0.070922
-0.0865474 0.0645131
0.0311136 -0.0249916
0.00311594 0.0666494
-0.0492172 0.0194189
-0.085284 0.0321207
0.0492233 0.0524339
0.0920347 0.0871456
0.075219 -0.0546617
0.0681509 0.0915036
-0.0278054 -0.000350963
0.0433699 0.0299722
-0.0711173 -0.0800714
-0.00846889 0.0182043
-0.0132908 -0.0831904
-0.0238014 0.0793207
-0.0650136 -0.0537767
0.0577624 -0.0525559
-0.0746574 -0.00869472
0.0728996 0.0544664
-0.0635304 -0.00697348
0.0674856 -0.0438093
-0.0794733 -0.063976
0.0643056 -0.0457015
-0.0375408 0.0956542
-0.0532334 -0.0298563
0.0834223 -0.0473373
-0.0601245 0.0268532
0.0196203 -0.0182653
0.0697501 -0.0042024
0.00780358 0.0199988
0.0828547 -0.0361614
-0.091406 0.0219947
0.00629597 0.0774712
0.0990295 -0.0928648
0.0303812 0.020188
0.0654164 -0.0939756
0.0946532 -0.0206824
-0.0721061 -0.0881588
0.0587207 0.0585437
0.0278726 0.043083
0.0391095 -0.00762047
0.00956145 -0.0761956
-0.00664388 -0.0811579
-0.0730399 0.0878353
-0.0673513 0.0666128
0.00745567 0.0129002
0.0441877 -0.0871761
0.00327464 -0.00881069
-0.0953917 0.0679067
-0.0378338 -0.0575243
0.0656606 0.0435469
-0.0516099 -0.0239601
-0.00665609 -0.0398663
-0.0546129 0.00768151
0.0419294 -0.0500717
0.0713187 0.0380657
0.0438581 -0.0878414
-0.0612354 -0.00133976
-0.00298166 -0.0236854
0.0898434 -0.0285134
0.0304788 -0.070098
-0.0621387 0.0889218
-0.0700125 -0.0330607
-0.0529954 -0.0801202
0.00451979 0.0133396
0.0810358 0.048558
-0.0249367 -0.0144749
0.0524583 0.0519578
0.0669362 0.0385357
0.00332347 -0.0174413
-0.0131748 -0.0402387
-0.0511155 -0.0377056
-0.0340617 -0.0353008
0.0154149 -0.00592364
-0.0496811 0.0508713
0.00341502 -0.00281075
-0.0802728 -0.0337992
-0.0925291 -0.0272744
0.0162755 -0.0518845
-0.0759941 -0.0946165
0.0640797 0.0895932
-0.0218787 -0.0921628
-0.0388104 0.0883663
-0.0991089 0.013889
-0.0749687 0.0356609
0.088287 -0.0732353
0.0725639 0.0005768
-0.0270547 -0.0712882
-0.083459 0.066448
-0.0598621 0.058153
0.0589831 -0.0246315
0.0191015 -0.0393048
0.0631458 0.03726
-0.01901 -0.0797845
-0.0146825 0.0595325
-0.0252297 0.0762688
-0.0524155 -0.0462508
-0.067803 -0.0659597
0.0328776 -0.0244484
0.0732475 -0.02678
0.0835139 0.0539109
-0.056914 0.0618397
0.0845515 -0.0338176
-0.0879147 0.0815058
-0.0869076 0.0151036
-0.0301737 0.0702322
-0.0650441 -0.0360759
-0.055443 0.0890133
0.029722 0.086108
-0.0206519 -0.0814447
-0.0743522 0.0855953
-0.00398877 -0.0076632
0.0256081 -0.0558519
-0.02172 0.0721427
0.00520341 0.0518235
0.00530107 0.0725822
-0.0355083 0.0769219
0.0668081 -0.0594531
0.01442 -0.0683767
-0.0088229 -0.00388501
0.079284 0.0896298
-0.0823908 0.0409101
-0.00353099 0.0119053
0.0437178 0.0403851
0.094702 -0.0629933
0.0797601 0.0861568
-0.0679617 -0.00801111
-0.0592822 0.0446577
-0.0250587 0.0803583
-0.0923887 -0.00164495
0.0995178 -0.0968383
-0.0108982 0.0858394
0.09635 -0.0304117
-0.0852412 0.0469466
0.060094 -0.046794
0.0913144 0.0792291
0.0450362 0.0502304
-0.0471236 -0.0879757
0.06798 0.0959227
0.0367351 -0.0956908
0.0395795 0.0954772
0.0156529 0.0726676
-0.0944761 -0.0743645
0.0181188 0.0555467
-0.0213477 0.063213
0.0677236 -0.0798456
-0.0566088 0.0968139
-0.0270608 0.018131
-0.0863155 0.0780572
0.098529 -0.0037019
0.0256996 0.0684744
-0.0501633 -0.0312174
-0.0534715 -0.0616443
0.00126041 -0.0433149
-0.0198096 -0.0261818
-0.0999756 0.0015595
-0.0478988 -0.0517197
0.0767449 0.0590014
-0.0466353 0.0147191
0.0936888 0.0785699
-0.0739616 0.0747978
-0.0376446 -0.0237403
-0.0293191 -0.0187536
-0.0386456 -0.0941771
-0.042613 0.0297098
-0.0140782 -0.0648549
-0.0783441 0.0962218
-0.0396283 -0.0660268
0.0262062 0.0767266
-0.0553575 -0.0207678
-0.0299295 -0.0152745
0.0662709 0.0841182
0.0262612 -0.0365581
-0.0910337 -0.0426923
-0.0109043 -0.0313517
0.0891537 -0.00146184
0.0126682 -0.0215735
0.0515244 0.0366497
0.0214637 0.0862117
0.0151402 0.0165563
0.0745659 -0.0668081
-0.0989746 -0.0587268
-0.0353923 0.0365032
-0.0272378 0.0752434
0.0327372 0.069274
0.0211646 -0.0847407
0.0808405 0.0489975
0.0243629 -0.0647633
-0.0377056 0.0902341
-0.0854793 0.0110141
-0.06751 0.078106
-0.0175085 -0.0684805
-0.0596606 -0.0813044
-0.0485092 -0.0974731
-0.0579211 -0.0773125
0.0513352 0.0491989
0.0185888 -0.0215918
-0.0758477 0.0237098
-0.0225501 0.0706168
0.093115 -0.0757317
0.0210608 0.00121769
0.0252052 0.0316141
-0.0380474 0.0682424
-0.0805231 -0.0305765
-0.0332865 -0.0408429
0.0518662 -0.00524003
-0.0904233 0.015006
0.00793786 0.0248268
-0.0828913 -0.0785699
0.0347697 -0.0936216
-0.0148839 -0.0170812
0.0432295 -0.0661306
0.0490829 0.036491
0.0918821 -0.0772576
-0.010654 -0.0388958
0.0837764 0.0439985
-0.0476485 0.0390179
-0.0925962 -0.0736076
0.0691275 -0.0746757
-0.0469649 0.0324381
-0.0477584 0.0819941
0.0356853 0.0144566
0.0526231 0.0325358
0.0559679 0.0570299
0.0572924 0.0937193
0.0301126 -0.0880795
0.00942106 -0.0596118
0.0203711 0.0319681
-0.068096 0.0598315
-0.00296945 -0.0900998
0.0356792 0.0517747
-0.0366497 0.0286172
0.094055 0.030369
-0.0253578 -0.0710623
0.0643239 0.0843623
-0.0172948 0.00126652
-0.0621082 0.0517563
-0.0630726 -0.0927305
-0.0998413 -0.0348918
0.0733085 0.0379315
-0.0185705 0.0238746
0.0225318 -0.0858821
0.0800653 0.0498276
0.0685415 -0.0639027
-0.0608203 0.0820795
-0.0113315 -0.0120273
-0.0418928 0.0676748
0.00669881 -0.0964354
0.0198401 -0.0957762
0.0900632 0.0998535
0.0157567 -0.00929899
-0.0776116 -0.0158238
0.0488998 -0.0572985
-0.0172033 0.041612
-0.00303659 0.0284097
0.0629383 0.00860317
0.0163427 -0.0185156
0.0532884 0.0392071
0.068395 -0.0527757
-0.0702139 0.0701529
0.0492843 0.0181188
-0.0278726 0.0909909
0.0045381 -0.0849055
-0.0550768 -0.0744621
0.0096408 0.0707999
0.0730338 0.0309732
-0.00212104 0.0709708
-0.0577319 -0.0793451
-0.0832514 -0.0896298
-0.0432661 -0.0828791
0.094055 0.0193518
0.0840876 0.0413556
-0.00492264 -0.0826228
-0.0801141 -0.0553636
0.0520005 0.0498276
0.0023957 0.0892514
-0.0531724 0.064098
0.00896939 0.0842341
0.0291177 0.0815973
-0.0346294 -0.0175268
0.0496384 0.021543
0.0992065 0.0454024
0.0914243 -0.0669851
0.068749 -0.01854
0.0792047 -0.0084872
-0.0015595 -0.0352763
-0.0512864 -0.0838923
0.0522385 0.0397626
0.0569506 0.0636464
-0.0239051 0.0191443
-0.0852901 -0.0439009
-0.0590869 0.0797723
0.0226905 0.097412
-0.0829768 -0.0357707
0.0922422 0.0359722
-0.0883541 -0.00644856
0.0322733 -0.0708487
-0.0995483 -0.00252388
-0.0166662 -0.0340434
-0.0155004 -0.0314005
-0.0197546 -0.0958495
0.00386059 -0.0534288
-0.0755425 0.0781121
-0.0608936 -0.0613758
0.0475082 -0.0663991
-0.0680837 -0.017307
-0.0533738 0.0457991
0.0561266 -0.0406598
-0.0260292 0.0766961
0.0703665 0.0587817
0.0605579 0.0282693
0.0836177 -0.0907834
-0.043791 0.0476058
-0.0350871 0.0728019
-0.0331645 -0.0598437
0.0284341 -0.0846797
-0.0298807 0.047557
0.0251991 -0.0439253
-0.00892056 0.0460311
-0.0273171 -0.0959838
-0.0814386 -0.078161
0.0536241 0.0865108
0.044084 0.0799066
-0.0849239 0.0768365
0.00406201 0.0418439
-0.000698874 0.0269021
0.00697348 0.0897946
0.0373638 -0.0888363
-0.0736015 -0.0879208
-0.0630238 -0.0117832
-0.0586169 0.00722373
-0.00427564 0.0861263
-0.0946837 -0.097766
0.0708914 0.0178869
-0.0754204 -0.0582141
0.037199 -0.066747
-0.0718253 -0.0958251
-0.0362957 -0.0869503
-0.0903439 0.000643941
-0.0589404 0.0123814
0.0225684 -0.0859981
-0.00957976 0.0588855
0.0106418 0.033079
-0.0147435 0.0123325
-0.0459944 -0.0609485
0.0172765 -0.00817591
0.0126988 -0.0999878
-0.0622181 -0.0232398
-0.0514023 0.0299722
-0.0943663 0.0879269
-0.0927427 0.0685598
0.0731193 0.0548997
0.0406476 0.0377056
0.0409345 -0.0239418
0.0521958 -0.0684866
0.0136143 -0.0226417
0.0453597 0.0955687
0.0865413 0.0762566
-0.0430464 0.0519395
-0.00411084 0.0569079
-0.0435224 0.0262185
-0.0373089 0.0629688
0.0927366 -0.0673513
-0.0377239 -0.0857662
-0.0310587 0.0737724
0.0503952 0.0533372
-0.0723746 -0.0892331
0.0771844 -0.0712394
-0.0734672 -0.0392499
0.0203223 -0.079516
-0.0132176 -0.0227515
0.0685293 0.0143956
-0.00544145 0.0701712
0.0867306 -0.0681936
-0.0624317 -0.0785882
-0.00587481 -0.0796808
-0.0425153 -0.0474654
0.0863643 -0.0877621
0.0997131 0.000485244
0.0331217 0.056798
-0.0584094 -0.0421003
-0.017655 -0.0674673
-0.019541 -0.0659108
-0.0976379 0.045909
-0.0373577 -0.00711386
-0.00688192 -0.0774407
0.0347636 0.023838
0.0978454 -0.00263985
0.0985412 0.00270699
-0.0536912 0.00956755
0.050383 -0.00218818
-0.0389386 -0.0907224
0.0869625 -0.0217933
0.0576708 -0.0185156
-0.0419172 -0.0198706
-0.0295206 -0.00604572
-0.0519517 0.0878903
-0.0650502 0.0751823
0.0667898 -0.0145543
0.0578967 -0.0713492
0.0320353 -0.0650502
0.0068453 0.0897519
-0.0762871 -0.0614917
-0.0501511 0.0313944
0.0919126 -0.0606738
-0.0231422 0.0248268
-0.000454726 0.0186743
-0.0659536 -0.0382916
-0.0189062 0.0446883
-0.0977538 0.0438032
-0.00142521 -0.0705557
0.0507736 -0.0535508
-0.0239479 -0.0495102
0.0979064 -0.0378277
-0.00611286 0.0930113
-0.090759 -0.0694388
-0.0759941 0.0690298
0.0652516 0.0607837
-0.0125156 -0.0302469
-0.0709098 0.0528611
0.0155492 0.00741905
0.0461959 0.0241066
0.0954588 -0.0972045
0.00669881 0.0468062
-0.0176977 -0.0253212
0.00198675 0.0035371
-0.0418561 0.0875546
0.00666219 -0.0337077
-0.080401 -0.0862728
0.0171422 0.0056856
-0.024723 0.0662099
0.0781549 0.0364544
-0.0658742 -0.0415693
-0.0716483 0.00561846
-0.0338481 -0.0526963
-0.00364086 0.0293924
0.0165685 0.0156285
-0.0216041 -0.0148106
0.0547716 -0.0497604
-0.0711417 -0.0349956
-0.0607166 0.0721488
0.0950194 0.0962889
-0.0199988 0.0748039
0.0270669 -0.0632679
-0.0210608 0.0268777
-0.00512406 -0.0508896
0.0307413 0.0957152
0.0425947 0.062389
0.0642018 0.0477584
-0.0875912 0.0254921
0.00606403 0.0821589
-0.0313089 -0.0401349
-0.0516587 0.0538377
-0.0462264 0.0171239
0.000387585 0.0422956
-0.0933653 -0.0520066
0.00695517 -0.0777154
0.0757317 0.0888974
0.0136143 0.0928098
-0.042851 -0.0277261
0.0605579 0.0204443
0.0895505 0.0671194
-0.0137059 -0.0465499
-0.0632069 0.0556749
0.0222755 0.0628285
0.089935 -0.0471419
0.0598071 -0.0334635
-0.0806207 0.0744133
-0.0295083 0.0932005
-0.0910947 -0.0398175
0.0614551 0.0415082
0.0023835 0.0587207
0.0465133 -0.00844447
-0.00525224 0.0794549
0.0146886 -0.0755669
0.0983398 0.0186682
-0.0228004 -0.0938047
-0.0841487 -0.0343913
0.0742241 -0.00740684
-0.0487655 0.0948912
0.0226661 0.0107273
0.0896786 -0.048558
0.0862117 -0.0260659
-0.0220252 0.0343974
-0.0511216 -0.0138951
-0.0633778 -0.0141026
-0.0266274 -0.0083224
-0.0653005 -0.00862758
0.0253761 0.027665
0.0589648 0.0973144
-0.0548082 -0.0662099
0.00827967 0.0529099
0.0478622 -0.0228431
0.0447432 -0.0182531
-0.0669546 -0.05244
-0.0673574 0.0898373
-0.0140782 -0.0202185
0.0966552 -0.0837764
0.0503647 0.059093
-0.0697501 -0.0675405
0.0556322 0.0661916
0.0859859 -0.00294504
0.0777947 -0.0821406
0.0784539 0.0713858
0.0172277 0.059563
0.0315165 -0.0969359
-0.026664 0.0662465
-0.0990967 0.0832575
0.0977905 0.00759606
0.00340892 -0.016068
0.00754112 -0.0659719
-0.0159948 -0.0184179
-0.0611438 -0.0604297
0.0521226 0.0734245
-0.0763909 -0.0420148
0.0182653 0.0924741
-0.0308939 -0.0516465
-0.0376812 0.0276894
-0.0773858 0.0263527
0.0647267 0.055443
0.00200507 -0.0025483
0.031785 -0.0114353
0.0735893 0.0483932
0.0463729 -0.050792
0.0584765 0.0530259
0.0753044 -0.0281716
-0.0512741 0.0489303
0.0645375 -0.057561
0.0145238 -0.0590747
0.0535936 -0.0195044
0.0835444 -0.0121433
-0.0597095 0.0695608
0.0739311 -0.0712577
-0.072808 0.043083
0.0619922 -0.0953063
-0.0191198 -0.0685049
0.0658925 0.0327982
-0.0646046 -0.0230995
0.0266579 -0.0118931
-0.028898 -0.0784783
-0.0323405 0.0502182
-0.099884 0.0763482
0.013889 -0.0295755
-0.0102817 -0.024015
0.0522324 -0.0840693
-0.0451765 -0.0738273
-0.0860164 0.0471969
0.0508896 0.0500961
0.060979 -0.0152623
0.0984436 -0.0602405
0.0563219 -0.0783013
-0.0294778 -0.0812677
0.00130924 0.0382977
-0.0257485 0.0224158
0.0195044 -0.0254982
0.0577563 -0.0978027
-0.0306619 0.017185
0.073809 -0.0403607
0.0665517 -0.0420576
0.0312906 -0.0829829
-0.00246895 0.0779168
-0.0341716 -0.069573
0.00503861 0.0157323
-0.0391705 0.0517197
-0.0726432 -0.0250099
-0.0498764 -0.0544847
0.0722526 0.0274087
0.0335124 0.0675893
-0.093054 -0.0320963
-0.0635243 0.010715
0.0453413 0.077929
-0.0547472 0.024485
-0.0862362 0.0531968
-0.0514389 0.0151219
-0.0235206 0.0521653
-0.0827876 0.0316141
-0.097766 -0.0785455
0.0528672 -0.0555284
-0.0469649 -0.0455489
-0.0628285 -0.0767083
-0.0235572 0.0393902
-0.0874386 0.0193884
0.0826899 -0.0468856
0.0259377 0.0597522
-0.0122654 0.0568346
-0.033549 -0.0413678
-0.0963683 -0.0499985
-0.0712394 0.0528916
-0.0425825 -0.0612354
0.032841 -0.0325541
0.0197119 0.0750053
0.0317362 0.0170812
-0.0755974 0.0223792
-0.0615528 0.050792
-0.0394391 -0.0944029
-0.0968017 -0.0550462
0.0178564 -0.000918607
-0.0276589 0.0516465
0.0667837 0.0113804
0.0601672 0.0081637
-0.045146 0.0215308
-0.0351787 0.0142735
0.000100711 0.0235878
-0.0403119 -0.0168432
-0.0369488 -0.06433
-0.00867641 0.0725211
0.0785211 0.0296365
0.0153172 0.00198675
-0.0716666 0.0377789
-0.0986755 0.0630909
0.0364544 0.0926572
0.0384564 0.0280801
-0.0325358 -0.0435469
0.072277 0.0638234
0.00992767 0.095996
-0.0952147 0.0570116
0.0257363 0.0597034
-0.0115329 0.056975
-0.0533006 -0.0872066
0.0457137 0.0422956
0.0996643 -0.0130772
0.044969 -0.0825007
0.0414228 -0.0995117
-0.0353008 -0.053856
0.0845943 -0.0940367
-0.023484 -0.0736564
-0.0041963 -0.0796503
-0.0212745 -0.0847102
0.0473861 0.0951537
-0.0885678 0.00871303
-0.0962218 0.0820063
-0.0153294 -0.0182592
-0.0759392 0.0503037
0.0505234 0.0973449
-0.0383648 0.0129856
0.0507431 0.0885495
0.0424909 -0.0832148
-0.0290262 0.0208045
0.00319529 0.0532395
0.0328532 0.0406171
0.0699759 0.0465377
-0.0447188 -0.0832209
0.0599536 -0.0253212
0.0160497 -0.0195288
-0.0140172 0.0800653
-0.054857 -0.0296609
-0.0537645 0.0257179
-0.0190893 -0.0109653
0.0797723 -0.0464583
-0.0796319 0.0772149
0.0693899 -0.099237
0.0949461 0.0114292
-0.0269753 0.0307901
-0.0972228 0.0320841
0.0648732 0.0348003
0.0290139 -0.0922849
0.0675466 -0.0396893
-0.0148717 0.0418683
0.0564806 0.0228797
0.0987365 0.0287393
0.017893 0.0573412
-0.0150243 -0.0360027
-0.0585498 -0.0353252
0.0308634 -0.083166
0.0290323 0.0108737
-0.0763543 0.069689
-0.0993469 -0.0660024
-0.0452681 -0.0683218
-0.0209876 -0.0843135
-0.0699087 -0.0677541
-0.066277 -0.0266457
0.018656 0.00101627
-0.0333964 0.0293741
-0.030192 0.0403241
0.0192297 0.0134312
0.0313028 0.0964782
0.0839656 0.0543687
-0.0012421 -0.0637928
0.0998291 -0.0823237
-0.0718741 0.0343364
0.0142857 -0.0549974
-0.0577624 0.0791131
0.092407 0.0518052
0.0627796 0.00130924
0.0544542 0.0395062
0.0988586 0.0334513
-0.0767266 -0.0216773
-0.0764946 0.00532548
-0.0372845 -0.0829524
-0.0306558 -0.0178869
-0.0117161 0.0760796
0.0745537 0.0513108
0.0313334 -0.0202063
-0.0894528 -0.0352458
0.0380047 0.0847835
-0.0774468 0.0419721
-0.0157933 -0.0401166
0.0142857 0.041081
0.0878597 -0.0254677
-0.0920042 0.00356761
0.0995911 -0.0484909
0.0112583 -0.020896
-0.0466964 -0.059624
-0.0784539 0.0367107
-0.0423139 -0.0320719
-9.15555e-06 0.0684683
0.00998871 -0.0782037
-0.0544786 -0.00788293
0.013358 0.0235084
0.000680563 0.058684
-0.0211158 0.0472701
-0.0797418 0.0714347
-0.00626545 -0.0592822
-0.0658437 0.0224403
-0.0635426 0.00380566
0.035551 -0.0470443
-0.0790948 0.0822199
0.0257607 -0.0561327
-0.0501694 -0.0685598
0.0470077 0.0424787
-0.040434 0.00784021
0.034257 0.0318522
-0.0630726 0.0428327
0.0175085 0.049028
0.0896603 0.0566515
-0.0942808 -0.0417402
-0.0483749 -0.0322916
0.0835932 0.0856563
0.0040437 0.0539659
0.052501 0.0212806
0.0939451 0.0224708
0.0468551 0.095233
0.0311625 -0.0566088
0.0570544 0.0336528
0.0451399 0.0046968
-0.0096408 0.00120548
0.0826716 -0.056151
0.000894192 -0.0640126
0.0279397 -0.0873409
-0.0799493 -0.0165929
0.0261086 0.0316141
0.0185034 -0.0649648
-0.00837123 -0.0101169
0.0311563 0.0788324
0.0825739 -0.0526719
0.0762017 -0.0330485
0.022251 0.0946532
-0.000418104 -0.0926206
0.0493393 -0.0719474
-0.0239174 0.0856136
-0.022251 -0.00544145
0.0983398 -0.0773064
-0.0524583 -0.0356975
-0.0150731 -0.0241493
-0.0518967 -0.0139683
-0.0610645 -0.0121006
0.0948302 -0.017954
0.0880856 -0.00821863
-0.0594653 0.0388531
0.0377972 0.0764031
0.00299997 -0.0502365
0.0683828 -0.0799493
-0.0103854 0.0657094
0.00763878 0.0976745
-0.0993164 -0.089526
0.0100497 0.0681509
0.0924375 -0.0832942
-0.0260842 0.0480209
0.0810053 -0.0612293
0.0276101 0.0776543
-0.0312296 0.0989257
0.0162084 0.0863704
0.0741813 0.022837
0.0197974 0.0625355
0.0462569 0.0209082
0.0346232 -0.0649464
0.0452559 0.0714774
0.048442 0.0724296
0.0704886 -0.0377606
0.0411969 0.00560015
0.0166967 0.0461715
-0.0576037 0.0809381
-0.0597827 -0.0319437
0.0763359 0.0494858
-0.0839045 0.0180944
-0.0735527 0.0988708
-0.0324747 0.068572
-0.0498398 -0.0660573
0.0487899 -0.0498764
0.0752068 0.0125706
-0.0370708 0.0236
0.0089877 -0.057268
-0.00448317 0.00392163
-0.0079989 -0.0528306
-0.0544237 -0.00787683
-0.0733268 0.00191961
-0.0648793 -0.0280923
-0.0871761 -0.0451338
0.0783868 -0.0732047
-0.0789483 0.0306681
-0.00785852 0.0343364
0.0352153 0.0282266
0.0282022 0.093469
-0.00466628 0.017008
0.00951872 0.0413129
0.0721427 0.0384381
-0.0490341 -0.0842708
0.00450148 0.0186193
-0.0537706 -0.0801996
0.030961 -0.00137638
-0.0981445 -0.0555345
-0.053264 0.0886349
0.0999451 0.00569781
0.0172887 0.0521104
0.0704581 -0.0476669
0.0798151 -0.073632
-0.0453169 -0.0991638
0.0639027 -0.0143223
0.0408918 -0.0466597
0.0625111 0.0531785
0.0534959 0.0550279
-0.0153294 0.0679067
0.0770196 -0.0526536
-0.0789972 -0.0868465
0.0960631 0.0730766
0.0534471 0.0123936
0.0325419 -0.0103793
0.0402936 0.0989868
0.0614124 -0.0531785
-0.0920347 0.0660695
0.0862056 -0.0146458
-0.0194067 -0.0973388
-0.0444624 0.012186
0.0787774 0.0224647
-0.0980712 0.00918302
-0.0812616 -0.0086642
-0.0159215 0.0311808
-0.0568834 -0.0399884
0.0139744 -0.0502548
-0.0853938 0.00803552
-0.0500473 -0.00105899
-0.0961608 -0.0946898
0.037083 0.0792108
0.00251778 0.0974853
0.0760247 0.0757866
-0.0066805 0.0213965
-0.0983459 -0.0522263
-0.0923887 -0.0431379
0.0527635 0.0442
-0.0976562 -0.0789544
-0.0860958 0.00322581
-0.0126865 0.0116184
-0.0891049 0.0908994
0.0340495 -0.0949583
0.0409894 -0.0645192
-0.00232856 -0.0838069
-0.0809259 -0.0861385
-0.0172155 -0.074517
0.0212012 -0.0539109
0.0848262 -0.0201209
-0.0934874 -0.0456404
0.0380413 0.0740104
0.0990967 -0.0572314
0.00136418 -0.0824702
0.010654 -0.0460433
-0.0866207 -0.00485549
-0.0143468 0.0589648
-0.0522324 -0.0746147
0.0498215 0.0365825
-0.099707 0.0245338
0.0434736 0.098352
0.0387921 0.0818293
-0.0791253 -0.08446
0.0471541 0.0522507
0.0968566 -0.0956359
-0.00512406 0.0731803
0.0218909 0.0255654
-0.0369182 -0.088934
0.0670339 0.0547716
0.058562 0.0444868
0.0997803 -0.0202063
0.0468795 0.0897336
0.0322672 0.0811335
-0.0641102 -0.0247291
-0.077044 -0.0481307
-0.0590747 -0.0287393
-0.0869442 0.0133946
-0.0371868 -0.0196387
-0.0209754 -0.0170629
0.0100925 -0.00378735
-0.0177404 0.0494125
0.0965941 -0.0643727
-0.00261544 0.0136631
0.0456343 -0.049028
0.0002472 -0.0505661
-0.0678091 0.028782
0.0969359 0.0412946
-0.00589312 -0.0189734
-0.0249184 -0.0442976
-0.056267 0.0351604
-0.0413129 0.00166326
-0.0887387 -0.070745
-0.0523362 0.0369243
-0.049144 -0.0814997
0.0234535 -0.0237526
-0.0590197 -0.000790429
0.00187689 0.0578295
0.0101352 -0.0432722
-0.0855037 -0.0758232
-0.0808527 -0.056621
0.0997742 0.0737114
-0.0685171 -0.00726035
0.0851863 -0.0607227
0.00256661 -0.0234962
-0.0583178 -0.0500717
0.0195837 0.0101657
0.0916257 0.0320963
-0.0771233 0.0138096
0.0514267 -0.093524
0.0402692 0.0341777
0.0903562 0.0369304
0.0654653 0.0343425
0.0864254 -0.0125156
0.0119236 -0.0427595
-0.039024 0.0438765
-0.0266762 -0.0307901
-0.0271218 0.0557482
0.0219153 0.0899289
0.0538316 -0.0441694
0.0760308 -0.0851253
0.0659169 -0.0877132
0.0679861 0.0366802
-0.0373638 -0.0294412
0.0436018 0.071453
-0.0652455 -0.0591418
-0.0753533 0.0965819
-0.0778619 -0.0123142
-0.0345927 0.00595416
-0.0271401 0.0774834
0.0346232 -0.0108432
0.0308084 -0.0592334
-0.0459029 0.040611
0.0330912 -0.0950194
0.0252113 -0.0948485
0.0984375 0.0542833
-0.0255043 -0.0338725
0.0878597 0.0725272
0.0497177 0.0823176
-0.0811579 0.0256996
0.0974914 0.0799677
-0.0857051 0.0401227
-0.046147 -0.0938536
-0.032487 -0.0675222
-0.0210425 -0.0503586
0.00439772 -0.0518113
0.0671499 -0.0642689
-0.0757622 0.0641285
-0.0363201 -0.0990051
-0.0998169 0.0120884
0.0193518 0.0544908
0.0208045 0.0792169
0.0142308 0.0314676
-0.046147 0.041612
-0.0181738 -0.0540452
0.0136204 0.0874142
0.0648732 -0.051616
-0.087054 0.0855525
-0.0660146 0.0945738
-0.0186132 0.0565111
0.000497452 0.032255
-0.0694998 0.00122379
-0.0453352 -0.0885311
-0.0522385 -0.0555284
0.0605152 0.0250221
0.000186163 -0.0510117
-0.0614368 -0.0147618
-0.0710135 -0.0435408
0.0677358 -0.0566332
0.0164953 0.0117954
-0.0623951 0.0577258
0.00657674 -0.0731681
0.0823237 -0.0830134
0.0598743 -0.0602893
-0.0726005 -0.0752068
0.0249611 0.0262368
0.0806696 -0.0481246
-0.0931211 0.0194372
-0.0014008 0.0621204
-0.085876 -0.00642415
0.0592944 0.0185949
-0.0346294 0.0688589
-0.0266701 -0.0240211
0.0373028 0.0930906
-0.0362224 0.0655568
0.034611 -0.043437
0.0465987 0.0790094
-0.0364116 -0.00364086
0.0426679 -0.0426801
0.0904538 0.0463912
0.0527024 0.0910031
0.0656545 -0.0106479
0.0263405 -0.0621387
0.0955077 -0.0330607
-0.0434004 -0.035313
-0.057683 -0.0955626
-0.0690359 0.0188696
0.0342631 -0.0938902
-0.0296243 -0.0634877
0.0662954 -0.0225623
0.0873714 0.092993
-0.0267129 0.0306436
0.0945982 -0.0975829
0.0567797 0.0296365
-0.0050325 -0.0278481
-0.0536485 0.0306436
0.0847407 -0.0813715
-0.0228553 -0.0251747
0.000662252 -0.0491928
0.0645802 -0.0109043
0.0425947 0.0274209
0.0575915 0.0513474
0.00273141 0.0942686
0.0516404 -0.0235694
0.0326823 0.00791345
0.0427778 -0.0209143
-0.0202368 0.0519089
0.0038789 -0.0299722
-0.0763726 0.0518479
-0.0354961 0.041551
-0.055443 -0.00447707
-0.0245399 0.0987671
0.054619 -0.0356243
-0.060625 0.0928648
-0.0769951 0.0825617
-0.0114292 0.0125217
-0.0732536 0.0898251
-0.00857265 0.0898068
-0.041966 0.0444319
0.0685293 -0.0232582
-0.0805292 -0.0375164
0.0998047 -0.0511338
-0.0615284 0.0997681
-0.0960509 0.0919614
0.0320048 0.0824152
0.0713981 -0.0717582
0.0530015 -0.00729087
-0.0680593 0.0383038
0.0496933 0.0161718
0.0385296 -0.065099
0.0690237 -0.043791
0.0481979 -0.0549303
-0.0645314 0.0226478
-0.0184179 -0.0434126
0.0365764 0.000277718
-0.0578051 -0.0147862
0.0462386 0.00380566
0.0766839 0.0188513
0.0172582 -0.0747124
0.0573656 0.0949095
-0.0257546 -0.0195044
0.0683157 0.0671194
0.0381268 0.0602588
-0.0238136 0.0180639
0.0135716 0.0932188
0.0670278 -0.0263344
0.0705802 -0.0739006
0.0304117 0.0758599
0.0514389 -0.0721122
-0.0279519 0.0697073
0.0342998 0.0239662
-0.0638234 0.061272
0.0846919 -0.0333232
-0.0810358 0.00237739
0.026133 -0.0515488
0.0541856 0.058623
-0.0388409 -0.0362835
-0.047618 -0.0831965
-0.0259987 0.0259377
0.0748466 -0.0119114
-0.0539048 0.0459395
-0.0764458 -0.0368999
-0.0841792 0.0778436
-0.0715751 0.0752495
-0.0864437 -0.0611866
0.013065 -0.071569
-0.0966002 -0.0911008
-0.0797601 0.0455916
-0.0371868 -0.0828303
0.0784722 -0.00597247
-0.0686575 -0.0795282
0.0907712 0.0440901
0.0597827 0.0809687
0.0269692 0.0172033
0.0909543 0.0487899
0.000820948 0.0796808
-0.0966185 -0.043968
0.0130467 -0.0615833
-0.0508652 0.0282632
-0.0582812 -0.00516068
0.0169958 0.0199133
0.0611316 -0.0867122
-0.0476608 -0.0202612
-0.0295816 -0.0399091
0.0648488 -0.0473983
-0.086755 -0.0303751
0.0554125 -0.0761834
-0.0303079 0.0935362
-0.00660115 0.0123569
-0.0983093 -0.0105441
-0.0244606 0.0190954
-0.0667348 0.00538652
-0.0022248 -0.0635609
0.0466842 0.016068
0.0711539 -0.0745354
0.075988 0.0675161
-0.0868282 -0.0330607
-0.0210181 0.0860408
0.0457991 0.0924009
-0.0310221 0.00795007
0.031254 0.00153508
0.0876034 -0.0137486
0.0770989 -0.027781
0.0997986 0.0304544
-0.0584521 0.069274
0.0924314 -0.0640553
-0.0293985 -0.041612
0.0575793 0.0590075
-0.00211493 -0.0686575
0.0418928 -0.00624714
-0.0612476 0.0488021
-0.056798 -0.0926389
0.00975677 0.00690023
-0.0643788 -0.0103061
0.00472732 0.0340251
0.00445265 -0.0264077
-0.0412275 0.0237831
-0.0279092 -0.0177648
0.0314005 0.0106357
0.096173 0.0595813
-0.0599658 -0.00566118
0.0212867 0.0403363
-0.0247963 0.0194555
-0.0345927 -0.0844172
-0.0714469 -0.0838069
-0.0776421 -0.0495651
-0.0349223 0.00885342
-0.0384259 -0.0902402
-0.0293435 -0.00195624
0.00628986 0.0485275
0.00633259 -0.0769707
-0.0283853 0.0226905
0.000381481 0.0104038
0.0435224 -0.022837
-0.0904111 -0.0847102
-0.0198462 -0.0330973
0.0808954 -0.0385723
0.0166417 -0.0325053
0.0446699 0.0863216
0.0546556 0.031431
0.0709037 0.0976745
-0.0819819 0.0463118
-0.0804926 -0.0525254
-0.044438 0.0513169
-0.0839595 0.0298685
-0.0275185 -0.0319437
-0.015952 0.00907926
-0.0285134 -0.0978393
-0.0346965 -0.0162816
0.0849544 0.0718619
0.0591723 0.0936583
-0.0206702 -0.0803461
-0.0875912 -0.0243202
-0.0868954 0.0635853
-0.00943327 -0.0257302
-0.0705313 0.044084
-0.03773 -0.086285
-0.0349528 -0.0771538
-0.0723197 -0.0622303
-0.0441145 0.0898923
0.0223304 0.0231361
-0.0780572 -0.0649586
0.0275857 0.0730705
-0.0886532 -0.0598071
-0.080987 -0.00270699
-0.0143162 0.0484054
-0.0160924 0.08446
-0.0724601 0.0663259
0.0391339 0.0734611
0.051561 -0.0440168
-0.0192724 0.0298441
0.000253304 -0.0276589
-0.00373241 0.0335246
-0.0941221 -0.0972655
0.0714835 -0.0159276
-0.000491348 -0.0354106
-0.0778191 -0.0701651
0.0486679 0.0175207
-0.0171178 0.0271706
-0.0952818 0.046202
-0.0167455 -0.0640614
-0.0587207 -0.0298685
-0.0561937 -0.0423444
0.0648732 -0.0633595
-0.0781487 -0.0776055
0.0791131 -0.0466597
-0.0607898 -0.0691824
0.0836604 0.0162633
0.0227454 -0.0424726
0.0891964 -0.0100558
-0.0109592 0.0219764
-0.0703665 -0.00422071
-0.0954833 -0.0667714
0.0528916 -0.0352641
0.0521409 -0.0852229
0.0713858 -0.0891476
-0.0640065 -0.0842769
0.0535508 -0.0183874
-0.0448775 -0.0855159
0.0376629 0.0416059
0.0776055 0.0213721
-0.0508652 0.045555
-0.0536546 0.0862362
0.00258492 -0.0428694
-0.0521958 0.017423
-0.030076 0.0696707
0.0747551 -0.0816645
-0.00426954 0.0850703
-0.0854915 0.0478133
-0.0588794 0.00722373
-0.00620441 -0.0894406
-0.0626453 0.00608234
0.0114658 0.0839595
-0.0694632 -0.0913083
-0.00962249 0.0874081
0.0985046 0.0734428
0.0796808 -0.0994934
-0.0787469 -0.0962462
0.0387066 0.0363628
-0.0138218 -0.0424848
-0.0661977 -0.0238624
-0.0907529 -0.0916379
0.0792413 0.0712455
0.0535203 -0.0846797
-0.04644 -0.0806574
0.0260903 0.0567431
-0.0774407 -0.079577
0.0349223 -0.0149388
-0.0998596 0.0192114
0.0865658 0.0584399
-0.0216773 -0.0598682
-0.0937803 -0.0943663
-0.0423811 -0.0788202
-0.03867 0.0803522
0.00911588 0.0527512
0.0698477 -0.0388043
-0.000656148 0.0278726
-0.0253945 -0.0462569
-0.0906125 0.0100497
-0.0350505 -0.0493515
0.0793451 0.0248207
-0.0731986 -0.0936888
-0.0906247 -0.0184729
-0.0974059 0.0822138
-0.0512436 -0.0687124
-0.0578295 0.019187
0.00397046 0.0676565
-0.0740837 -0.00706503
-0.00277413 0.0760247
-0.0585192 0.00896329
0.00663778 -0.0618336
0.095233 0.0932371
0.0192785 -0.00193793
-0.0603259 -0.0652455
0.0283486 -0.00466018
-0.00176092 0.0364116
0.00577715 0.0725028
-0.0315104 0.0302042
-0.0185583 0.062273
0.085168 -0.0867916
-0.0397076 0.0612659
0.0241798 0.0605152
-0.0914243 -0.00382397
0.0289224 -0.0286843
-0.0594775 -0.0110935
0.0400861 0.00450148
-0.0633961 0.0266518
-0.0897641 0.0599231
-0.0752922 -0.0566027
0.0843867 0.0616077
0.0554857 0.0189611
0.0278542 -0.000778222
-0.0969848 0.00187689
-0.0173376 -0.0160741
-0.0778008 0.062328
-0.0663503 0.0749748
-0.00603351 0.0814447
-0.0343669 -0.066747
0.0896603 -0.0168188
0.092822 0.0580187
-0.014182 -0.0850398
-0.0582446 0.0631092
0.0605823 -0.0165075
-0.0309854 -0.0511948
-0.0970031 -0.0481796
-0.00508744 0.0257546
-0.0335551 0.00401929
-0.0655019 0.0469405
-0.00250557 -0.0162999
-0.0929502 0.00425123
0.0713553 0.0125889
0.00532548 -0.0543199
-0.0347392 0.0954039
-0.0941527 0.0694815
-0.0990356 0.0173803
0.00146184 0.0515305
-0.012363 -0.0594348
0.0373638 0.0621632
-0.00360424 0.00522172
-0.0680349 0.0286966
-0.00226142 -0.0574877
-0.0363018 -0.000100711
0.093115 0.00485549
0.00514847 -0.0313272
-0.0281411 0.0199866
-0.0143406 0.00920133
-0.0751518 0.0752251
0.0637196 0.0847652
0.0459151 0.0379437
0.0903806 -0.0174657
0.0525193 0.0187475
0.0449263 -0.0684194
0.0567858 -0.016654
0.0240272 -0.0396832
-0.0818842 0.0196142
0.0657399 -0.0503708
-0.0912168 0.065923
-0.0105747 0.0379986
-0.0763909 0.00705893
-0.0669912 -0.0652089
-0.034959 -0.0560228
-0.0312784 -0.00196234
-0.0651234 -0.0563707
0.0786004 0.0328776
0.0638905 0.0751396
0.0710318 0.0669851
0.0105747 0.0384991
-0.0804559 0.0591662
-0.0397076 -0.007828
-0.0948851 -0.00253609
-0.0439314 0.0857112
0.0432356 -0.057091
-0.00774865 -0.0962706
-0.0229774 0.0752617
-0.0976623 -0.0725211
0.0175451 0.0969054
-0.0277993 0.0201758
-0.0872677 0.0512864
-0.090112 0.0424848
0.0259987 -0.0880428
-0.0965758 0.00430006
-0.0941404 -0.00133366
-0.00236518 0.0591174
-0.0720817 -0.023484
-0.0785455 -0.0528245
-0.00975066 0.0947508
-0.00318308 -0.00621052
-0.0563952 0.0210913
0.0604785 0.0688894
-0.0623402 -0.0718741
0.0299295 0.0142186
-0.0355327 -0.0121372
0.0447554 -0.0556688
-0.0195471 -0.0693045
0.0145909 -0.0723258
0.0881893 0.0251869
-0.0950072 0.0539964
-0.0408246 -0.0653432
-0.00753502 -0.0056917
-0.0211219 0.00711997
0.0198096 0.05974
0.095294 0.0545579
0.0831965 0.065392
0.0522507 -0.0220374
-0.0179235 0.00557573
-0.0112094 0.0943297
0.0632618 0.046617
0.0857418 -0.0782159
0.0903684 0.0434553
0.0408551 0.0793085
-0.0300882 0.0863765
0.0536973 0.0569689
0.0653371 0.0840388
-0.098468 -0.0867122
-0.069921 0.0890561
-0.012479 0.0557115
-0.00884732 -0.0275185
-0.0576342 -0.0394696
0.0142674 -0.0467086
0.0608203 -0.0114231
0.0819025 -0.01077
-0.0459212 -0.0472091
-0.0845332 -0.0647389
0.0995788 -0.00596026
0.0729484 0.0757866
0.0692007 0.0213782
0.0530625 -0.0630177
-0.0827021 0.0729911
0.0374126 -0.0145177
-0.0902646 0.054149
-0.0982727 -0.0804315
0.0751701 0.00827357
0.0275246 -0.0407147
-0.0401532 -0.0224342
-0.0546434 0.0415265
0.0672109 0.00923795
-0.0589587 -0.0734489
-0.0365398 -0.036259
0.0559435 -0.0779839
-0.0695608 0.0812311
0.0126743 0.030839
-0.053032 -0.0375835
0.0974914 0.0291665
0.0800226 -0.0798273
-0.0695364 0.0806574
0.0668508 -0.0419477
-0.0450667 -0.00666829
-0.0305826 -0.0679495
-0.0227882 -0.0747307
0.0823481 -0.0481918
-0.0119602 0.045378
-0.024424 -0.0225135
-0.00312815 -0.0445296
0.0531297 0.068627
-0.0896908 -0.0200354
-0.0909604 0.0412214
-0.0140355 -0.0706473
0.0619129 -0.0107944
0.0928892 0.0438276
-0.0508713 0.0266884
-0.0900327 -0.0768853
-0.0378338 -0.0929136
0.0934507 -0.0509445
0.00411084 0.0755303
-0.0552416 0.00682089
-0.049266 0.0106479
0.0101413 0.0113804
0.0963256 0.012125
-0.0570177 0.0451827
-0.0345073 0.0901547
0.0604663 0.0134556
-0.0276589 -0.0868831
-0.0745293 0.0233436
-0.0919797 0.0697623
-0.0148045 -0.00688192
-0.0618336 0.00196234
-0.00234687 0.0976867
0.0912595 0.0645924
0.0772759 -0.0432905
-0.0806696 0.0684439
0.0909665 -0.0284402
-0.0878719 -0.0372723
0.0357219 -0.0826838
-0.0539109 0.0131993
-0.0707694 -0.0038789
-0.0507492 -0.0677358
0.0445418 0.0580798
0.0635609 -0.0827143
0.0201209 -0.00394604
0.0855525 0.0533372
0.0766289 0.0204566
0.0668935 0.036668
0.0714957 0.0204199
0.0559252 0.0751335
0.0226844 -0.0824824
0.0614185 -0.0782281
0.0328532 0.0183691
0.0199072 0.0979431
0.0451094 0.0722282
0.0477828 0.0620167
-0.0382794 0.0399762
-0.0406659 -0.0198157
-0.0430891 0.080694
-0.0678457 0.0553392
-0.08493 -0.0380108
-0.0990234 0.0704642
0.0256203 0.000503555
-0.0386578 -0.0972716
0.0657216 -0.0613697
-0.035783 0.0645436
0.00218207 0.0639576
-0.0170507 0.0277627
0.0437239 -0.0226295
0.0336833 -0.0125767
-0.0251259 -0.0836238
-0.069451 0.0211158
-0.0971984 0.0396954
0.0569262 -0.0996399
0.0482223 -0.0206214
-0.0661611 -0.0898679
-0.0882565 0.0669057
-0.0329386 -0.067101
0.0468734 -0.0608509
0.0537889 -0.0466781
-0.029191 -0.0691031
0.0304544 0.039903
0.0445296 -0.0402631
0.0427778 -0.0401105
0.0531175 -0.0900632
0.0193213 0.0835749
-0.0821528 0.0213172
-0.0702017 -0.0656972
0.0710868 0.0894589
0.00944548 0.040495
-0.0746452 -0.0165014
0.0305826 0.0457869
-0.0321879 0.0877926
0.00278634 -0.0663259
-0.0886715 -0.026426
-0.0172521 -0.0771355
0.0334941 -0.0929807
-0.0248207 0.0895505
-0.0652699 0.0998413
0.00598468 0.0729057
0.0468307 -0.09129
-0.0510605 -0.0799677
-0.0769097 0.0898251
-0.0128269 0.0266274
0.0414167 -0.0852962
0.090582 0.029545
-0.048558 0.0536363
-0.00940886 0.00765099
0.0971801 0.0329081
0.0334025 0.0470504
-0.0538072 -0.0278237
-0.00699179 -0.0729667
-0.0432539 0.00807215
0.0252113 -0.0169469
0.0140538 -0.0895322
0.043907 -0.0972228
0.0668935 0.0975585
-0.0990783 -0.0883053
-0.00406201 -0.0440718
0.0505783 -0.0956236
0.0449019 0.0721366
0.0802667 -0.0222816
0.0458785 0.0816401
-0.0116794 -0.0776543
-0.0299844 -0.0582446
-0.00959807 -0.0714652
0.0349101 -0.065392
-0.0644093 0.0627613
0.0998108 0.00635701
-0.0864071 -0.0287454
-0.0199988 -0.0508896
-0.0658681 -0.0332438
0.0116062 0.0316019
0.0598743 -0.0452986
0.0979492 -0.0150792
0.0741569 -0.0448897
-0.0311014 -0.0503281
0.064684 0.0764641
0.084283 0.0906003
0.00450148 0.0977355
-0.0872677 0.0850948
-0.0884762 -0.0850948
0.0171728 -0.00821253
0.0677725 0.00820643
0.0781426 -0.0945494
0.0796503 -0.013773
0.0863399 -0.0955199
0.0605029 -0.0366741
0.0355022 0.0972228
-0.0833308 0.0264504
-0.0530503 0.0733329
0.0183142 -0.0523728
-0.0429975 -0.0334758
0.036259 -0.00151067
0.0985534 0.0348735
0.0260842 0.0229163
-0.0919919 -0.0350871
-0.0592334 0.0241859
0.088934 0.00586871
0.0530747 0.0228004
-0.0365215 -0.0598376
0.0689199 0.0413007
-0.0569323 -0.00344554
0.0131016 -0.027781
-0.0506211 -0.0879513
0.0684317 -0.0144322
0.0170202 0.0489364
0.0497055 0.0319742
0.00907926 -0.0268838
0.0936827 0.0977599
0.0768181 4.57778e-05
0.0462874 -0.0317362
-0.00524613 -0.0855342
-0.0716239 -0.0443709
0.0023835 -0.0297403
-0.038731 -0.0527818
0.083813 -0.0234413
-0.0667837 0.0310526
-0.0835444 -0.0234535
-0.0117344 0.0544237
0.0202795 -0.075042
0.0185156 -0.0280313
-0.0615284 0.0707755
-0.0587817 -0.0605579
-0.0187841 0.051146
0.0418744 0.00945769
-0.0365398 0.00296945
0.064568 -0.0146153
0.0681265 0.0982727
0.0308512 0.0897641
0.0659841 0.00961638
0.068395 0.0033845
0.0233497 -0.088049
0.030607 -0.0686819
-0.070983 -0.0730766
-0.0114109 0.0521775
-0.0285195 0.0160802
-0.0234474 0.00677816
0.097882 0.0291299
0.0720145 -0.0174047
-0.0142186 -0.0864559
-0.00797449 0.0500595
0.0591174 -0.00826136
0.0866451 -0.0928648
0.0795526 -0.0879452
-0.0890805 0.0883541
-0.0555895 -0.0201453
0.0567125 -0.00553301
0.0225867 0.0749138
0.0253822 -0.000820948
0.0595019 0.0614246
0.0229102 -0.0110446
-0.0174596 0.0967895
0.0584094 -0.00760216
0.0380718 -0.0544664
0.0274941 0.0552232
-0.00863369 -0.0954955
-0.0384381 0.0172582
0.0206763 0.0457015
-0.0755303 -0.0523606
0.0366924 -0.0171606
-0.0624073 0.0944151
0.0586352 0.0681265
0.0147557 -0.0951048
-0.0217627 0.025248
0.08811 -0.0270425
-0.0570788 -0.0750053
-0.0936949 0.0695181
0.0892453 -0.0902951
0.0862117 -0.0875362
0.0581164 -0.0272317
-0.000704978 0.032371
0.022837 -0.000521867
0.0741752 -0.0099826
0.061272 -0.0245582
-0.00372631 -0.0977538
0.00346385 -0.031138
-0.013889 -0.0677908
-0.0141697 -0.00716269
0.0373028 -0.0996582
0.0432966 -0.0459822
0.095587 0.0722465
-0.0294656 -0.00612506
0.0601245 0.0798273
-0.0163732 0.028721
-0.0116916 0.0318827
0.0133335 -0.00512406
-0.0146641 -0.0296548
-0.0387127 0.00513627
-0.0402142 -0.0714652
-0.0497177 -0.0771783
-0.0734977 -0.0524277
-0.0999695 -0.0403607
0.037962 -0.0927305
0.0594653 0.00365307
0.02537 -0.0722709
0.0269814 0.0835505
0.0308756 -0.00213935
0.0898618 0.0755303
-0.088049 -0.0128697
0.0139866 0.0589465
-0.000662252 0.0967833
-0.084698 0.0271279
-0.0102451 -0.0933103
-0.0559313 -0.0405744
-0.0454207 0.0742729
0.0133518 -0.0390728
-0.0541185 0.0414777
-0.0971862 0.0759148
-0.0191137 0.00635701
-0.030784 0.0814753
0.0862362 -0.0847652
-0.00522782 0.0674001
-0.0167211 -0.0681143
0.00464187 -0.0913327
0.0956236 -0.0600879
-0.0151402 0.0367656
0.0601672 -0.0654469
-0.0681631 0.0160619
0.022953 0.06021
-0.0352031 -0.0684622
-0.0990112 -0.0500778
-0.0676382 0.0941099
0.0913755 -0.076928
0.0444807 0.069689
0.00889004 0.0974853
-0.0389508 -0.0615345
-0.06657 -0.0277261
0.0684011 -0.00961638
-0.0516404 -0.0623402
-0.0250954 -0.0367168
0.0512314 0.0679189
-0.0429609 0.0298074
0.0179113 0.0538499
-0.0129856 0.0394635
-0.0984191 0.0309427
0.0733207 0.0219153
-0.0523057 -0.0405438
-0.0545579 0.0579577
0.00618 -0.0872799
0.0139378 -0.0757866
0.0222144 -0.0700797
0.0371563 0.0180334
0.0867244 -0.0104648
0.02584 -0.031431
0.0279275 -0.0402448
0.0169042 0.0405805
0.0251076 0.0821162
0.0475753 -0.0630543
0.0259377 0.0445601
-0.038847 -0.0936399
0.0485519 0.00019837
-0.0242653 -0.0377606
-0.0503708 -0.0119297
0.0469832 -0.0806879
-0.0602283 -0.0879696
-0.0436384 0.0540025
0.0273476 -0.0658132
-0.0440291 0.0948363
