2500
 0.0619434 0.0755242 0
 0.0987609 0.0596912 0
 -0.0827204 -0.0736015 0
 0.0442915 0.0821223 0
 0.0123997 -0.0645253 0
 -0.0111606 -0.0321146 0
 0.0925169 -0.00428785 0
 -0.032316 -0.0312906 0
 0.0299661 -0.0922056 0
 0.0257363 -0.0910947 0
 -0.0254982 0.0541856 0
 0.0204199 -0.0981323 0
 0.0290323 0.0969726 0
 -0.0469832 0.0809381 0
 0.081933 0.00586261 0
 -0.0901547 -0.0990478 0
 -0.0726737 0.0224464 0
 -0.00563677 0.066863 0
 -0.0955687 0.0670461 0
 -0.0683767 0.0453902 0
 -0.0126499 -0.00557573 0
 -0.0738029 0.0162938 0
 -0.0435469 0.0045381 0
 0.0548814 0.0192297 0
 -0.0172704 0.0146397 0
 -0.0246254 -0.0473983 0
 0.0561876 0.0989441 0
 0.0323405 -0.0193457 0
 -0.0103122 0.00212104 0
 -0.0581896 0.00493484 0
 0.0294473 0.0329203 0
 -0.0644826 -0.0434614 0
 0.0033845 -0.0559984 0
 -0.0538499 -0.0347453 0
 0.0386212 -0.0955016 0
 -0.0851314 -0.0380413 0
 -0.0206214 -0.0287149 0
 0.00242012 -0.0296121 0
 -0.0634693 -0.0346416 0
 -0.0150853 0.044731 0
 -0.1 -0.0403851 0
 0.0156957 -0.0909726 0
 0.0453719 0.0840876 0
 0.0344279 0.0549364 0
 0.0657888 0.055089 0
 0.00473952 -0.0462142 0
 -0.0394024 -0.0655507 0
 0.0615894 -0.0605335 0
 0.0118381 -0.0749931 0
 -0.0503281 0.0182104 0
 -0.0201636 -0.0912717 0
 0.0341105 -0.0384503 0
 0.0492782 -0.0663259 0
 0.0646168 -0.0611805 0
 -0.0431928 -0.0440413 0
 -0.0255531 0.045262 0
 0.0316324 0.0431684 0
 0.0953734 -0.0178503 0
 -0.0198096 -0.054796 0
 0.0699026 0.0450911 0
 -0.0537584 0.0391217 0
 0.0420515 0.0767693 0
 0.0775872 -0.0461287 0
 0.00780969 -0.0595691 0
 -0.069335 0.0815241 0
 -0.0932676 -0.0297037 0
 -0.0556444 0.0809687 0
 -0.0643178 -0.0448408 0
 -0.0859188 -0.0195288 0
 0.0661611 -0.088525 0
 0.0976135 -0.0146275 0
 0.046379 0.00212714 0
 0.0837214 -0.00302438 0
 0.0693411 0.0571642 0
 0.0550401 -0.0508408 0
 -0.0117771 0.0527146 0
 -0.023777 -0.0312784 0
 0.0602344 0.00438551 0
 -0.061156 0.0658437 0
 -0.0997742 0.0313395 0
 -0.00589923 -0.0391339 0
 0.0254006 0.0473495 0
 -0.0953185 -0.0463363 0
 0.0721854 0.03502 0
 -0.0529038 0.0418134 0
 0.0666738 -0.0405011 0
 -0.00448927 -0.00612506 0
 0.0298502 0.0778741 0
 0.0186193 -0.016007 0
 0.0987793 -0.0994812 0
 0.0205359 0.0940367 0
 0.0451033 -0.0393231 0
 -0.0428571 0.0896481 0
 -0.0279641 0.0484115 0
 0.059093 -0.0237342 0
 0.0711112 0.0653737 0
 0.0926206 -0.0584033 0
 0.0199744 -0.043553 0
 -0.0104221 -0.00945158 0
 -0.0975646 0.0746147 0
 -0.0221534 0.0790704 0
 0.032017 0.0352824 0
 0.0433393 0.0530137 0
 -0.0397382 0.0162999 0
 0.0549364 -0.00160222 0
 0.0511216 -0.0400616 0
 -0.0164281 -0.09082 0
 -0.0974975 0.0330912 0
 -0.053325 0.0788873 0
 -0.0035493 0.00185858 0
 -0.0907407 -0.0776971 0
 0.058977 0.0769524 0
 -0.0270547 0.0335368 0
 -0.088995 0.0859188 0
 0.084051 -0.0134007 0
 0.0915403 -0.0713187 0
 0.0921323 0.0848628 0
 0.034312 -0.0275307 0
 -0.00984832 -0.0344462 0
 0.079284 -0.0575488 0
 0.0675283 0.0656362 0
 -0.0999512 -0.0356365 0
 0.00729087 0.0551927 0
 0.0286477 -0.0846919 0
 0.0587268 0.0447005 0
 0.0587268 -0.0609973 0
 -0.0834468 0.0723624 0
 0.00860927 0.0817499 0
 0.0380657 0.0777459 0
 0.0253151 -0.0946532 0
 0.0293558 0.0680349 0
 -0.0891781 0.0332133 0
 0.0319926 0.0830744 0
 0.0519395 0.0859554 0
 -0.0587146 0.0655446 0
 0.034788 -0.0373699 0
 -0.0125156 0.0423933 0
 -0.0745048 -0.0759941 0
 -0.0889401 -0.0760918 0
 0.0979858 0.0339579 0
 0.0634693 -0.0734123 0
 -0.009653 0.01536 0
 0.0644215 -0.0739006 0
 0.0710379 0.0766961 0
 -0.0528001 -0.0534654 0
 -0.00405591 -0.0344401 0
 0.0230079 0.0923154 0
 0.0378887 0.00543535 0
 -0.00428785 -0.0711722 0
 -0.0305033 -0.0281289 0
 -0.0416974 0.0182531 0
 0.0809503 -0.0356182 0
 0.00216987 0.0166051 0
 -0.0863582 -0.069689 0
 0.0705374 0.038432 0
 -0.00877407 -0.00311594 0
 -0.0126926 0.0953124 0
 -0.0709342 0.0676992 0
 0.0925535 -0.085577 0
 0.00352489 0.0399579 0
 0.0158422 -0.0565294 0
 -0.0377911 0.098645 0
 0.0187658 0.0481674 0
 -0.0434431 0.0438459 0
 0.037846 -0.0914914 0
 -0.0221229 -0.0923765 0
 0.0590381 0.0202307 0
 0.0781549 0.0165136 0
 -0.0448164 -0.0925291 0
 -0.043083 -0.0440046 0
 0.0175878 0.0531114 0
 -0.00465407 -0.00679647 0
 -0.0870785 -0.0471419 0
 -0.0811213 0.0140233 0
 0.0969054 -0.000503555 0
 -0.0303995 -0.0690359 0
 0.0157018 0.0033784 0
 -0.0303385 0.0179174 0
 -0.0733634 0.0555651 0
 -0.0430708 -0.0718314 0
 0.0691763 -0.0602649 0
 -0.0258156 0.0518479 0
 0.0175512 -0.000753807 0
 0.093054 -0.0309366 0
 -0.0536119 0.0654286 0
 0.0540025 0.0550096 0
 0.0403485 -0.0464705 0
 0.00355541 -0.00671712 0
 -0.0207739 -0.0675161 0
 -0.0899777 0.0536241 0
 -0.0703421 0.0747185 0
 -0.0609485 0.0903867 0
 -0.0252297 0.0923093 0
 -0.0298807 -0.0820368 0
 0.0128941 -0.0342814 0
 -0.0646596 0.0194006 0
 0.056737 -0.028605 0
 -0.0382122 0.0444441 0
 -0.0358318 0.0143406 0
 -0.00144963 0.0533372 0
 -0.0681265 0.072161 0
 -0.0901669 -0.0374432 0
 -0.0167882 0.0565477 0
 -0.0846919 -0.0512741 0
 -0.0186254 0.0986999 0
 -0.0410016 0.0669973 0
 -0.000723289 -0.0352458 0
 0.0878964 0.0401471 0
 -0.0227332 0.00757775 0
 0.0216224 0.0746269 0
 -0.0999756 -0.0388836 0
 -0.00562456 0.0597766 0
 0.0238319 -0.0163976 0
 0.0503159 0.00654012 0
 -0.0145421 0.055797 0
 0.0738029 0.0818842 0
 -0.0759941 -0.0593921 0
 -0.0644093 0.0950987 0
 0.0468123 0.0102512 0
 0.0363323 -0.00760216 0
 -0.0292032 -0.0527573 0
 0.028544 0.0159215 0
 0.070452 0.0255104 0
 -0.00160222 0.0834284 0
 -0.0363201 -0.0222449 0
 0.0884884 0.044969 0
 -0.033195 -0.0445357 0
 0.0428694 -0.0272256 0
 0.0499985 -0.0122593 0
 0.0556261 -0.0594592 0
 -0.07575 0.045146 0
 0.0041963 0.048497 0
 -0.00862148 -0.0850337 0
 0.0487045 -0.049675 0
 -0.0119724 -0.00600909 0
 0.078576 0.0384075 0
 0.0551561 0.00513016 0
 -0.0123447 -0.0565905 0
 0.0641346 -0.055858 0
 0.0590991 -0.0953673 0
 -0.069274 0.0626514 0
 0.0412702 0.0673269 0
 -0.0517563 -0.00625935 0
 -0.00408643 0.0631397 0
 0.0710257 0.0264382 0
 0.0998535 -0.0699149 0
 -0.0203833 0.0351726 0
 0.0813959 -0.0717765 0
 0.0588549 0.0706717 0
 0.0728568 -0.0927976 0
 -0.0800043 -0.0816462 0
 -0.0397443 -0.0178808 0
 -0.00163884 0.030607 0
 0.0115757 -0.0262673 0
 0.0575121 -0.0609363 0
 0.0647633 -0.0305399 0
 -0.0686026 -0.0466659 0
 0.0567736 0.0612842 0
 -0.0644093 0.0521653 0
 -0.0251503 0.0168493 0
 0.0789544 -0.0264382 0
 0.0113437 -0.0599292 0
 -0.0931272 0.00990326 0
 0.00328684 0.0773797 0
 -0.0924741 -0.0855953 0
 -0.0620228 0.0259438 0
 -0.0878964 0.0252052 0
 0.00583819 -0.0998596 0
 0.0205847 0.0131748 0
 -0.0181982 -0.0875912 0
 0.0840449 -0.0400678 0
 0.0164281 -0.0751823 0
 0.0749199 -0.0278848 0
 0.0180578 0.027665 0
 -0.0236305 0.0382061 0
 -0.0927427 -0.0988525 0
 -0.077929 -0.065746 0
 -0.0752678 0.0166356 0
 0.0176 0.0846309 0
 0.0740349 0.0334941 0
 -0.0252419 -0.0158788 0
 0.0802545 0.0479904 0
 -0.0100131 0.0876217 0
 -0.0539659 0.0503464 0
 -0.00176092 -0.0264199 0
 0.0860836 0.0462081 0
 -0.0665822 0.0876583 0
 -0.0786493 -0.00110782 0
 -0.0732414 0.0725639 0
 -0.0855708 0.0485519 0
 0.0743339 -0.00941496 0
 -0.0730155 -0.0354778 0
 -0.0950743 0.0448836 0
 0.0808954 0.08717 0
 -0.0203833 -0.0941221 0
 0.00402539 -0.0846309 0
 -0.0458602 0.0490036 0
 0.0421064 -0.00394604 0
 -0.0644765 0.00995209 0
 -0.0821894 0.0718314 0
 0.0639943 -0.0361675 0
 0.0183996 -0.0568651 0
 -0.0484176 -0.0656178 0
 -0.00692465 0.00109561 0
 -0.0913511 0.0394879 0
 0.0414411 0.0872799 0
 -0.0105197 0.0792718 0
 -0.0258889 0.0367107 0
 -0.0116916 0.0730766 0
 0.0269387 -0.0396893 0
 0.0169897 0.0514451 0
 -0.0900815 0.0230628 0
 -0.00445875 -0.0905148 0
 0.0722343 -0.0259133 0
 0.0868648 0.0277993 0
 0.0643788 -0.0150426 0
 0.00675985 0.0671865 0
 -0.0209998 0.0524705 0
 0.0407453 0.0435408 0
 0.0513718 -0.0778985 0
 0.0985839 0.0889523 0
 0.0009064 -0.0115818 0
 0.0380902 0.00548418 0
 -0.00502029 -0.0713126 0
 -0.0107456 0.0177099 0
 0.0162328 -0.0740349 0
 -0.0899594 0.0303507 0
 -0.0853816 0.0378704 0
 -0.0949461 -0.00273141 0
 -0.074456 -0.0327067 0
 -0.0616321 -0.0920042 0
 -0.0648061 -0.0086581 0
 0.0717154 -0.00186468 0
 0.0743889 -0.0952757 0
 0.0593432 0.0897702 0
 -0.0777398 -0.066155 0
 0.0307718 0.0682791 0
 -0.0991272 0.0778069 0
 0.0926634 0.00169988 0
 -0.0578234 0.0327006 0
 -0.0189428 -0.0910947 0
 0.00839564 -0.044731 0
 -0.00464797 0.0828791 0
 -0.0527329 0.0223365 0
 -0.0549608 -0.024723 0
 0.0632496 0.0421308 0
 -0.0593127 -0.0513413 0
 0.0859798 0.0738517 0
 -0.0397443 -0.0975707 0
 -0.0827021 -0.0883236 0
 0.022074 0.0789789 0
 0.0380169 -0.0105136 0
 0.095703 0.0560228 0
 -0.0443403 -0.0374798 0
 -0.0180456 0.0316385 0
 -0.0254616 -0.0777764 0
 0.0932676 0.00805994 0
 0.0693045 -0.0993896 0
 -0.034257 -0.0194372 0
 -0.0567309 0.0202673 0
 0.0341044 -0.0622913 0
 0.0527573 -0.0536973 0
 -0.099292 -0.0208838 0
 0.078692 -0.00341502 0
 0.0300638 -0.0429121 0
 0.0267373 -0.0336711 0
 0.0998901 -0.0516648 0
 0.0371746 0.0234596 0
 -0.0598987 -0.0379986 0
 0.085815 -0.0691153 0
 0.0909848 -0.00973235 0
 0.057152 -0.0479904 0
 -0.088348 0.00777917 0
 -0.0289285 0.0956481 0
 0.0702811 0.0262001 0
 0.0442732 0.0567064 0
 -0.052916 0.010007 0
 -0.0322489 -0.0912351 0
 -0.0184423 -0.0400311 0
 0.0815424 -0.0950926 0
 0.095056 -0.0296548 0
 0.0279275 0.0429609 0
 0.0199805 -0.0337504 0
 -0.0355022 -0.0485641 0
 0.0669485 -0.0727165 0
 -0.0818598 -0.0475021 0
 -0.0389996 -0.0961974 0
 -0.0386395 0.058037 0
 0.078283 0.0319498 0
 -0.00793176 -0.0447493 0
 -0.0857112 0.0538011 0
 -0.00182196 -0.0620533 0
 -0.0849055 -0.051146 0
 -0.0118259 0.0397259 0
 -0.0973754 -0.0169347 0
 0.0689993 -0.0745598 0
 0.0253822 -0.0182897 0
 0.052385 -0.00292062 0
 0.065801 -0.0676321 0
 0.0710196 0.0703421 0
 0.0354656 -0.0758171 0
 -0.0142979 0.0781732 0
 0.089526 -0.070275 0
 0.064745 -0.0424665 0
 0.0914243 0.0356975 0
 -0.0830866 -0.024424 0
 0.0593432 0.028666 0
 -0.0408673 0.0515488 0
 0.0254921 -0.0578051 0
 0.000204474 -0.0693655 0
 -0.0604602 0.0714957 0
 0.021775 -0.033964 0
 -0.0525254 0.0619373 0
 -0.0621632 -0.0345378 0
 0.077044 -0.0223914 0
 0.0140172 0.0583422 0
 0.0611377 -0.0437422 0
 -0.0721976 0.0399945 0
 -0.0696951 -0.0432417 0
 -0.048851 -0.0509995 0
 -0.0943724 0.00539872 0
 0.0364788 -0.0659841 0
 0.0232643 0.0473251 0
 0.0875484 -0.0336955 0
 0.0218787 0.00921354 0
 -0.00373241 0.0542039 0
 -0.0758049 -0.0203894 0
 -0.0731742 -0.0841975 0
 0.0439924 -0.0869869 0
 0.0282876 -0.0338847 0
 0.0496567 -0.0358745 0
 0.0570055 -0.0251381 0
 0.0156957 0.0583361 0
 0.0900021 0.0512925 0
 0.0933653 0.00485549 0
 0.010654 -0.0878353 0
 -0.0683157 -0.0413251 0
 -0.0521226 0.0892148 0
 0.0801263 -0.06245 0
 -0.0499374 0.0322672 0
 -0.0959044 0.000350963 0
 0.0750542 -0.0356243 0
 0.0447249 -0.00699789 0
 -0.0226295 0.0451155 0
 -0.046147 0.068218 0
 -0.026017 0.0983215 0
 -0.0641652 0.0853328 0
 0.0697745 0.0605884 0
 0.0271096 0.096466 0
 -0.0759026 0.00664388 0
 -0.0550523 0.0252541 0
 0.03961 -0.0919858 0
 0.0366436 -0.0555834 0
 -0.0455184 -0.0189489 0
 0.0602466 0.0583911 0
 -0.0804193 -0.0192724 0
 -0.0717399 -0.00270089 0
 0.0414838 0.0963683 0
 0.0455 -0.0714835 0
 -0.0271218 0.00556963 0
 -0.0277749 0.0920286 0
 -0.0685965 -0.0574145 0
 0.0440413 0.0658742 0
 -0.0716727 -0.0625721 0
 0.0796197 -0.0320353 0
 -0.0118381 0.0818903 0
 0.00758385 -0.0995849 0
 0.0405927 -0.0212134 0
 -0.0562181 0.0427412 0
 0.0659169 0.0306864 0
 -0.0498093 -0.099884 0
 -0.0247475 -0.0757561 0
 0.00672933 -0.0870052 0
 0.00674764 -0.033372 0
 0.0271706 -0.065746 0
 -0.0809565 0.0300333 0
 0.0505234 -0.0197974 0
 -0.0366863 -0.0393231 0
 0.0389508 -0.0383282 0
 -0.0850337 0.00856655 0
 0.0136876 0.0014069 0
 -0.0535142 -0.0659047 0
 -0.0399884 0.0440657 0
 0.0224403 -0.052031 0
 0.0326518 -0.0349773 0
 -0.00195624 -0.059508 0
 0.0928037 0.0842769 0
 -0.0975219 -0.0433882 0
 -0.0919065 0.0916379 0
 -0.0117222 -0.0271279 0
 0.046617 0.0895627 0
 0.0278542 -0.0673879 0
 -0.00359813 -0.0402509 0
 0.0386883 0.0956297 0
 -0.0584826 -0.0401227 0
 -0.0817988 0.0584277 0
 -0.0739433 -0.0434065 0
 -0.0303629 -0.0984008 0
 0.03726 0.00116886 0
 0.0002472 0.020304 0
 -0.0609668 0.0538987 0
 -0.027018 0.0941404 0
 -0.0128636 -0.0363628 0
 0.0929197 -0.0471236 0
 0.057213 -0.0913511 0
 -0.0902524 -0.00596026 0
 -0.0830317 0.00502029 0
 -0.0825007 -0.0913205 0
 0.0737968 0.0889218 0
 0.032786 -0.0283181 0
 -0.0710501 -0.0210974 0
 0.0328104 0.052678 0
 -0.0302957 0.0246071 0
 -0.0655873 0.00398877 0
 0.0305704 0.0479537 0
 -0.00464797 -0.0182409 0
 -0.045024 0.0832331 0
 -0.0809015 -0.0435102 0
 0.088525 0.0222388 0
 -0.0555467 -0.0306558 0
 -0.0648122 -0.0292703 0
 0.00109561 -0.009653 0
 0.00762047 0.0224952 0
 0.0124546 -0.065154 0
 0.00285958 0.0572069 0
 -0.0729118 0.0943724 0
 -0.0653127 0.0684072 0
 -0.0401837 -0.0617603 0
 -0.0461531 0.0277444 0
 0.0238807 -0.0579211 0
 0.0874691 -0.00811487 0
 0.0353374 -0.000412 0
 0.0287698 0.0581652 0
 0.0710318 0.0737114 0
 0.00852992 0.0753655 0
 0.0612537 0.0435591 0
 0.0793817 -0.0841853 0
 -0.00149846 0.00324412 0
 0.0442 0.015067 0
 -0.0565722 -0.0310404 0
 -0.0399884 -0.0146275 0
 0.00934782 0.0504624 0
 0.0484237 0.00928678 0
 0.00650349 0.0432966 0
 -0.0560228 0.0195776 0
 -0.0726676 0.0979614 0
 -0.0883053 -0.0283181 0
 -0.0459578 0.0222694 0
 -0.0350505 0.0150609 0
 -0.0303812 0.0731803 0
 -0.0850154 0.0695486 0
 0.0537095 -0.0056856 0
 0.0833857 0.0131016 0
 -0.0556017 -0.0445662 0
 -0.091406 -0.0129124 0
 -0.0526109 -0.0498581 0
 -0.022074 0.0254128 0
 0.0735588 -0.0920286 0
 -0.0838923 -0.086285 0
 0.0863887 0.0772698 0
 0.0618213 0.0849239 0
 0.0403424 -0.0650441 0
 -0.0367168 0.057329 0
 -0.00844447 -0.0204627 0
 0.0243141 0.0215552 0
 0.0620106 0.0635426 0
 -0.0680471 0.0825739 0
 -0.0615345 0.0216651 0
 -0.00294504 -0.0369793 0
 -0.012534 0.0508835 0
 0.0389386 0.0741569 0
 0.0675466 -0.00124821 0
 -0.0544969 -0.0394208 0
 0.0199622 0.0161657 0
 -0.0600574 0.0250954 0
 -0.080755 -0.0691702 0
 0.0853511 -0.0601672 0
 0.0647084 -0.00234687 0
 0.0584826 0.050029 0
 -0.00578326 -0.0176122 0
 -0.076104 -0.0234779 0
 -0.0984497 0.0346965 0
 -0.0602405 -0.0765313 0
 -0.0615711 -0.0930906 0
 -0.0735038 0.0972655 0
 -0.017362 -0.0252174 0
 0.0296121 -0.0568957 0
 -0.0466475 0.0163976 0
 0.00791955 0.00538041 0
 0.0550523 0.00556352 0
 0.0783685 -0.0819208 0
 0.0311075 0.0759026 0
 0.048796 -0.0683584 0
 0.00848109 -0.0881283 0
 -0.0302042 0.0822626 0
 0.0146153 -0.0769524 0
 0.0369976 0.0100925 0
 -0.0521287 0.0577807 0
 -0.0250221 -0.0674795 0
 0.082757 0.0126011 0
 0.0340678 -0.0212256 0
 0.0910947 0.0936033 0
 0.031254 -0.00795007 0
 0.0605457 0.0859493 0
 -0.0334147 0.00555742 0
 0.0915769 -0.0120701 0
 0.046086 0.09859 0
 -0.0457564 -0.0343425 0
 0.0426374 0.0389019 0
 -0.0140233 -0.0152928 0
 0.0259926 0.0177465 0
 -0.0884213 0.0750175 0
 -0.0068453 0.083636 0
 -0.0331584 0.0851924 0
 0.0304361 -0.0187353 0
 0.0068392 0.0825373 0
 -0.0616382 0.0017365 0
 -0.0197363 0.0550279 0
 -0.0492477 -0.0496811 0
 0.0510605 0.0715079 0
 0.0791803 0.0381268 0
 -0.0514817 -0.0437117 0
 -0.0859615 0.00376904 0
 0.0271889 0.0345256 0
 0.0136021 0.0714286 0
 0.0177465 0.00447707 0
 -0.0879269 0.0514512 0
 -0.0497971 0.0930113 0
 0.0781549 -0.0102206 0
 0.0305826 -0.049443 0
 0.0551927 0.0724845 0
 -0.047673 0.0417524 0
 -0.0857601 -0.00840785 0
 0.023838 -0.0119724 0
 0.0512375 0.0785211 0
 -0.00686972 0.0184362 0
 0.0595996 0.0113254 0
 -0.0488632 -0.0150975 0
 -0.0905698 0.00202948 0
 -0.00529496 0.098175 0
 -0.0353313 0.0702872 0
 0.0306009 0.0407636 0
 0.0693106 -0.0903989 0
 0.00183416 0.0130284 0
 0.0340434 -0.0475875 0
 -0.0825495 -0.0312113 0
 -0.0454207 -0.0597949 0
 -0.0328715 -0.00343333 0
 0.0928098 0.0050325 0
 -0.0982665 -0.0971923 0
 -0.0479049 -0.0315104 0
 -0.0387921 -0.0466475 0
 0.0780267 0.0646657 0
 -0.0690786 0.0292886 0
 0.0157079 -0.00696738 0
 0.00782189 -0.0464705 0
 -0.0449263 -0.0922117 0
 0.0575915 0.0443953 0
 0.0952025 0.0496689 0
 -0.0559618 0.0523118 0
 0.0591052 0.0266457 0
 -0.0879208 -0.063976 0
 -0.00983612 0.0497238 0
 -0.0946165 0.0345134 0
 0.0614124 -0.0700125 0
 0.000143437 0.09082 0
 0.0289651 -0.0566759 0
 0.0360088 0.0841182 0
 -0.03914 -0.0311075 0
 0.0256142 -0.0737907 0
 -0.0274392 0.00768761 0
 0.0238197 -0.0212317 0
 -0.0997192 0.0875057 0
 0.0380291 0.0474593 0
 -0.0564928 0.0603687 0
 0.06068 0.00932951 0
 0.00788903 0.0988708 0
 0.00533158 -0.0703543 0
 -0.0202246 -0.00243843 0
 0.0275063 0.0243995 0
 0.0636647 0.0856685 0
 0.0115024 -0.0752373 0
 0.0137181 0.057384 0
 -0.0955077 -0.000167852 0
 -0.00921354 -0.0739921 0
 0.0792047 -0.00630207 0
 0.0759514 0.00815149 0
 0.00622272 -0.066686 0
 -0.0279702 -0.0557543 0
 0.0174657 -0.0367229 0
 -0.0757561 0.0616749 0
 0.0418195 0.0638356 0
 -0.0088229 0.0867061 0
 0.0943297 -0.0916929 0
 0.0974853 -0.0885006 0
 0.000137333 0.0162694 0
 -0.000595111 0.0224891 0
 -0.0655263 0.0586047 0
 -0.00549638 0.0962462 0
 0.0598865 0.0708731 0
 -0.0932981 -0.030723 0
 0.0419416 0.0310099 0
 -0.0219459 0.0878353 0
 -0.0752007 -0.0421674 0
 -0.00169988 0.0440779 0
 -0.0522874 -0.0135655 0
 -0.0963317 -0.0951964 0
 -0.016184 -0.023191 0
 -0.0239784 -0.060979 0
 -0.0175695 -0.0881039 0
 0.0736076 0.0505844 0
 0.0961791 0.0414228 0
 0.0247536 -0.0778497 0
 0.0740165 0.027543 0
 0.0157018 -0.0232398 0
 0.00163274 0.0488388 0
 -0.0962096 -0.0368145 0
 -0.0296793 -0.0813349 0
 0.0873348 0.0713919 0
 -0.0444136 -0.0257424 0
 0.0633106 -0.0156896 0
 0.0868343 -0.00723594 0
 -0.095703 -0.0277688 0
 -0.0107517 0.0904843 0
 -0.0142918 0.03596 0
 -0.0207312 0.061565 0
 -0.00528275 0.00508744 0
 -0.00522172 -0.0875912 0
 -0.0479537 -0.00240181 0
 0.0412885 0.0480331 0
 0.0779473 -0.052971 0
 0.0354595 0.0665944 0
 0.0334635 0.00349437 0
 0.0270852 0.0184301 0
 -0.0315165 -0.0852779 0
 0.0808588 0.0857662 0
 -0.0924558 -0.00648518 0
 -0.000881985 -0.0606616 0
 -0.0951231 -0.0223182 0
 -0.0330485 -0.0716544 0
 0.0997803 -0.0111118 0
 -0.099292 -0.0403119 0
 -0.0963683 0.0965514 0
 -0.0186621 0.0230323 0
 0.0499069 0.0930174 0
 -0.0462752 0.017777 0
 -0.0618824 -0.0136021 0
 0.0733207 0.038255 0
 0.0033784 0.0172033 0
 0.0812311 -0.0266762 0
 -0.0575549 -0.0950011 0
 0.0891293 -0.0232398 0
 -0.0722648 -0.0685049 0
 -0.0448653 0.0645009 0
 0.0404279 -0.0338847 0
 0.0320231 -0.0048616 0
 0.0540208 0.0404401 0
 0.0688711 0.0899228 0
 -0.000558489 -0.0222571 0
 -0.0524949 -0.0516709 0
 0.0431684 0.0838374 0
 0.03502 -0.0842647 0
 -0.090643 0.00545976 0
 0.033433 0.0591784 0
 -0.022544 -0.0374371 0
 -0.0920042 -0.0923826 0
 0.0864315 0.0606311 0
 -0.0248268 -0.0870663 0
 -0.0231483 0.0893368 0
 -0.0683157 0.0878109 0
 0.00220649 -0.0862423 0
 -0.0942076 -0.0231544 0
 0.0404767 0.0644887 0
 -0.0878842 0.0171484 0
 0.0374554 0.0327189 0
 -0.00880459 0.044615 0
 -0.087054 0.0767571 0
 0.0150975 0.00210883 0
 0.0610523 0.0460555 0
 0.0402631 0.00597247 0
 -0.0241371 0.029075 0
 -0.011124 0.0268227 0
 0.0338664 -0.0687368 0
 -0.0599719 -0.0587939 0
 -0.0358684 -0.0106723 0
 0.011832 0.0101108 0
 0.0377239 -0.071923 0
 -0.0841487 -0.0593005 0
 -0.0925657 -0.0338481 0
 -0.0349284 -0.012479 0
 -0.0707511 -0.0232582 0
 0.0165441 0.0494186 0
 0.0966002 0.00972015 0
 -0.069866 0.018363 0
 0.0188269 0.081286 0
 0.0245155 -0.0634999 0
 0.0750175 0.037492 0
 -0.0883786 0.0177099 0
 -0.0255348 -0.00218207 0
 -0.00903043 0.089758 0
 0.0550523 -0.014951 0
 -0.015128 -0.086523 0
 -0.0492721 0.0478072 0
 -0.00395825 -0.0648122 0
 -0.040556 0.0818232 0
 0.0686087 -0.0715751 0
 -0.0573595 0.0563585 0
 -0.0660512 0.0815607 0
 0.0877194 0.0519028 0
 -0.0774346 -0.0128147 0
 -0.0354289 0.0154942 0
 -0.0768487 0.0898862 0
 0.00757775 0.0398236 0
 -0.0297769 0.0483016 0
 0.0541673 0.0724418 0
 -0.0584887 -0.0320048 0
 0.071337 0.0613147 0
 -0.0536302 -0.0387494 0
 -0.0987548 0.0428999 0
 0.0864498 -0.00995209 0
 -0.0427107 -0.0208838 0
 -0.0301675 0.0485153 0
 -0.0982971 0.0493454 0
 0.0600757 0.0410688 0
 0.0361614 0.00375683 0
 0.0410871 0.0125462 0
 0.0364238 0.084283 0
 0.0794 0.0864742 0
 -0.0375347 -0.080694 0
 -0.0350749 -0.0321512 0
 -0.0248268 0.0985473 0
 0.0114414 -0.0333964 0
 0.0909665 0.0341838 0
 0.0981384 -0.00199896 0
 0.00553301 0.0145909 0
 -0.0666066 -0.0837336 0
 -0.081988 0.0569201 0
 -0.0778741 0.037669 0
 -0.0132359 0.0647389 0
 -0.0821894 0.00925626 0
 -0.05197 0.0969726 0
 0.0406049 0.0796442 0
 -0.0712394 0.0544847 0
 0.0427107 -0.0721183 0
 -0.0151524 -0.00954924 0
 0.0022187 -0.093115 0
 -0.00406812 -0.0492111 0
 0.0267739 0.057506 0
 0.0481674 -0.0490341 0
 -0.0517869 -0.050444 0
 -0.0639149 -0.00466018 0
 0.0894955 -0.0939207 0
 -0.0850948 -0.0546495 0
 0.085107 0.0670339 0
 -0.0656056 -0.0571886 0
 0.036314 0.0486679 0
 0.0856868 -0.0055269 0
 -0.0176794 0.0549303 0
 0.0922361 0.0242103 0
 -0.0312052 -0.00303049 0
 -0.0238563 -0.000985748 0
 0.0948546 0.0771783 0
 -0.068865 0.0350871 0
 0.0197913 -0.00612506 0
 -0.0665822 0.0902402 0
 -0.0890805 0.0230079 0
 -0.0783197 -0.0511338 0
 -0.0864376 -0.0670278 0
 0.0775201 -0.0942137 0
 -0.0753594 -0.0110019 0
 0.0374126 0.0551134 0
 -0.049028 0.00310373 0
 -0.0322794 -0.00953703 0
 0.0336589 0.0861202 0
 -0.0662954 0.0227943 0
 0.0196265 0.0578539 0
 0.0940123 -0.0780145 0
 -0.0381878 -0.0282632 0
 -0.048265 0.0885922 0
 0.0290201 -0.0898679 0
 -0.00654622 -0.0381939 0
 -0.0931944 -0.0933287 0
 -0.052678 -0.0298441 0
 -0.0292947 -0.0483139 0
 -0.00837733 0.0308695 0
 0.0128452 -0.0627857 0
 -0.0551134 -0.095587 0
 0.00345775 0.0976073 0
 -0.0310038 0.0103793 0
 0.0682974 0.00215766 0
 0.0163305 0.0108371 0
 -0.0365947 0.0558947 0
 -0.0476363 -0.032371 0
 0.0283547 -0.0351665 0
 -0.0150731 -0.0202979 0
 0.0992309 -0.0780389 0
 -0.0687551 -0.0932615 0
 -0.037315 -0.0298624 0
 -0.045732 0.0854183 0
 0.0322489 0.0982055 0
 0.0992737 0.0444563 0
 0.0280923 -0.0734306 0
 0.062157 -0.0752434 0
 -0.0583544 -0.0615162 0
 -0.0793878 0.0109104 0
 0.0661733 -0.0867489 0
 0.0594775 0.0801874 0
 -0.0253945 -0.0823115 0
 0.0213843 -0.0245582 0
 0.0259621 -0.0880184 0
 -0.0858455 -0.0919065 0
 0.0814447 -0.0737236 0
 -0.0939756 0.0973571 0
 0.0116062 0.0642323 0
 0.0400311 0.0521287 0
 0.0757805 0.089758 0
 0.0987609 -0.0983215 0
 -0.0449995 0.053209 0
 -0.0492233 0.0814264 0
 -0.0802911 -0.0867244 0
 -0.0900693 -0.0200049 0
 -0.0865352 0.0108676 0
 -0.061211 0.0539354 0
 0.0339396 -0.0488815 0
 0.0274758 0.0161779 0
 -0.00761437 -0.0500473 0
 -0.0208777 0.00466628 0
 0.0329447 0.00125431 0
 -0.0667226 -0.0627918 0
 0.0928831 -0.0789666 0
 0.0583728 -0.0410016 0
 0.0851497 0.024839 0
 -0.0553819 -0.0110813 0
 0.0844417 0.094525 0
 -0.0714286 0.0709403 0
 0.0980407 -0.00920743 0
 0.0805475 -0.0631825 0
 0.00260933 -0.0323038 0
 0.0861568 0.0864254 0
 -0.0716422 0.0452925 0
 -0.0467025 -0.0081637 0
 0.0716239 0.0967711 0
 -0.0242286 -0.0684256 0
 0.0172582 0.00631428 0
 0.0847224 0.0611194 0
 -0.0479415 -0.0461226 0
 0.0192907 0.0260109 0
 0.0504318 -0.0168188 0
 0.0476424 -0.0761956 0
 0.0135289 -0.0908567 0
 0.069628 -0.0789056 0
 0.0432783 -0.07893 0
 0.0323099 -0.0681753 0
 0.0322855 -0.0623035 0
 0.089697 0.0632557 0
 0.051091 0.0705557 0
 0.037785 0.035667 0
 -0.0860958 0.0516892 0
 0.0563036 0.0822382 0
 -0.0958495 -0.0178625 0
 0.0883419 -0.0648549 0
 0.0409589 0.0573473 0
 0.0890561 0.0043733 0
 -0.0320353 0.0257729 0
 0.0748772 -0.044792 0
 0.0456404 0.0369915 0
 0.00425123 -0.00907926 0
 -0.0716666 0.0354167 0
 0.0213355 0.0467147 0
 0.00741905 -0.0439192 0
 0.0938108 0.00127262 0
 0.00158391 0.0785333 0
 -0.0239113 -0.0878231 0
 0.0757439 -0.00477004 0
 -0.0708365 -0.0187048 0
 -0.0303385 -0.0493576 0
 -0.0716483 0.0566149 0
 -0.0823725 0.00725425 0
 -0.00983001 -0.0234291 0
 0.0403485 -0.00514847 0
 -0.0503952 -0.0367412 0
 -0.00961638 0.0991821 0
 -0.0809809 -0.0293008 0
 -0.0676382 0.046379 0
 -0.0400372 -0.00560015 0
 0.039201 -0.0607105 0
 -0.000875881 0.0485763 0
 -0.0144383 -0.0979247 0
 -0.0803766 0.0171178 0
 0.0198645 -0.010831 0
 0.0590503 0.0846736 0
 0.0960631 -0.0849971 0
 0.0452559 -0.0459212 0
 0.046379 0.0606983 0
 0.0014069 -0.0436872 0
 0.0764092 -0.0861019 0
 0.0513779 0.0593371 0
 -0.0363689 -0.00188299 0
 -0.0432478 0.0819697 0
 0.0407575 0.0477523 0
 0.0168126 -0.0809076 0
 -0.0549486 0.085052 0
 0.0625294 0.0845088 0
 0.0149815 -0.0446883 0
 0.0760735 -0.0225135 0
 -0.0847285 -0.023484 0
 0.0669118 -0.0204749 0
 -0.0281411 0.0596545 0
 -0.0642445 -0.0126438 0
 -0.00223701 -0.0439985 0
 -0.0422407 0.08858 0
 0.0912473 -0.0123447 0
 0.0159703 -0.0139378 0
 -0.0124912 -0.0825617 0
 0.0165319 0.0775018 0
 0.0451704 -0.0854183 0
 0.0167272 -0.00376904 0
 0.0486679 0.0722953 0
 0.0971557 -0.08034 0
 -0.0919431 0.0335917 0
 -0.0906674 0.0515366 0
 0.0372112 -0.0184606 0
 -0.0700674 -0.0157445 0
 0.0918577 -0.0497482 0
 -0.047148 -0.0524827 0
 0.0485885 -0.0872616 0
 0.0505051 0.0495834 0
 -0.0938231 0.00210273 0
 -0.0645619 -0.0826838 0
 -0.00961638 -0.0779534 0
 -0.0463301 0.0413434 0
 -0.056505 -0.0968261 0
 0.0408063 0.0324931 0
 -0.0200293 0.0612415 0
 0.0723869 0.0958861 0
 0.0892575 -0.0864803 0
 -0.0604175 -0.0712271 0
 -0.0328288 -0.0902402 0
 -0.0184179 -0.0514817 0
 -0.0429426 -0.0662709 0
 -0.0942381 0.0568712 0
 -0.0180883 0.0317545 0
 0.027134 0.0468001 0
 -0.0511887 -0.0755181 0
 -0.0419294 0.0582263 0
 0.00686972 -0.0419233 0
 -0.020249 -0.0112339 0
 -0.0601062 0.0510849 0
 0.0264138 0.0658254 0
 0.0751457 0.0933409 0
 -0.0861446 0.0862728 0
 -0.010715 -0.0470321 0
 -0.0567675 -0.0700552 0
 -0.00709555 -0.0520554 0
 -0.088464 0.0532395 0
 0.0747551 -0.061742 0
 0.0599719 -0.0310221 0
 0.0870418 0.0951231 0
 -0.00857875 0.0189489 0
 0.0529832 -0.0967223 0
 0.0884152 0.0451704 0
 -0.0221595 0.0529221 0
 0.0625843 0.0663137 0
 0.0447615 -0.022898 0
 -0.0328532 -0.0345866 0
 -0.0233802 0.0913022 0
 -0.0965453 0.095172 0
 0.0451155 0.091052 0
 -0.0470504 0.00705893 0
 -0.0916074 -0.0358928 0
 -0.0342387 0.0105564 0
 -0.0415448 0.0732719 0
 -0.0628101 -0.0313395 0
 -0.0404706 -0.033842 0
 0.0033723 0.0359966 0
 0.0587756 0.0682363 0
 -0.0127598 -0.0542344 0
 -0.0495895 -0.0847835 0
 -0.0737602 -0.0482406 0
 0.074749 0.0812738 0
 -0.0871395 0.0317057 0
 0.033079 0.0590686 0
 0.0793207 0.0581774 0
 0.0999512 0.0481185 0
 0.0576586 -0.0566393 0
 0.013889 -0.0924802 0
 -0.0535569 0.0638966 0
 -0.0720511 0.029429 0
 -0.084582 -0.028019 0
 -0.0988098 -0.010538 0
 0.0792413 0.0991699 0
 0.0125217 -0.0696768 0
 -0.0283975 0.0588977 0
 0.0779595 -0.0651296 0
 0.0510544 0.0541429 0
 0.0527573 -0.0551012 0
 -0.0303385 -0.00362255 0
 0.0994568 0.0818598 0
 0.0358318 0.0421369 0
 0.00325632 -0.0742119 0
 0.00250557 -0.0466414 0
 -0.0841121 0.00870083 0
 0.0120334 -0.0121006 0
 -0.0907468 0.0786676 0
 0.0288797 -0.0737541 0
 -0.0799249 -0.0091464 0
 -0.00845668 -0.0590686 0
 -0.0331889 -0.0182104 0
 0.0147923 -0.0853084 0
 0.0200964 -0.0169836 0
 0.0735954 -0.0862545 0
 0.00793176 -0.0694693 0
 0.0999023 0.0223853 0
 -0.0630787 -0.0738762 0
 -0.0763848 0.0451399 0
 0.0107456 0.00691855 0
 -0.0110813 0.0828059 0
 -0.0728751 -0.0205908 0
 0.077221 0.0884884 0
 0.0346538 0.0741508 0
 -0.0319559 0.0100314 0
 -0.0695059 0.0774224 0
 0.069042 0.025016 0
 -0.0195105 0.096118 0
 -0.0536485 0.0745354 0
 -0.0573107 0.0120457 0
 -0.0133274 0.00210273 0
 -0.0243202 -0.0180273 0
 -0.0778253 -0.0960997 0
 0.0129246 0.0395672 0
 0.0495712 -0.00346385 0
 -0.0156163 -0.044377 0
 0.0745659 0.00868862 0
 0.0666128 0.0126743 0
 0.0129612 0.00280465 0
 0.0426618 0.0503037 0
 0.0796564 0.0331462 0
 -0.0470016 0.0374859 0
 -0.00326243 -0.053618 0
 -0.0813593 -0.0719596 0
 0.0520676 -0.0689688 0
 -0.0821406 0.0556078 0
 -0.0606311 -0.0780084 0
 -0.00235298 0.0242592 0
 -0.0886532 0.0663808 0
 -0.0988647 -0.0488571 0
 0.0768303 -0.0430769 0
 -0.00762047 0.0172704 0
 -0.0266396 0.0392743 0
 0.0595752 -0.0172521 0
 0.0464522 0.0992798 0
 0.0780633 0.0228004 0
 -0.0333293 0.0366558 0
 -0.0856014 -0.0593738 0
 0.0158971 0.031254 0
 0.0526048 -0.0864498 0
 0.0739799 -0.0919248 0
 -0.0760125 0.0285867 0
 0.0370159 0.00745567 0
 -0.0782647 -0.0363018 0
 -0.00148015 -0.0335002 0
 0.0814936 0.0710685 0
 0.0247719 -0.0818537 0
 -0.0908017 0.0184606 0
 0.0554674 -0.0859432 0
 -0.0624928 0.0451704 0
 -0.0388653 0.0775506 0
 0.0918821 -0.0114292 0
 0.0883358 0.092877 0
 0.0477523 -0.0623218 0
 -0.0759758 -0.0629017 0
 0.0599658 0.0698843 0
 0.0103854 0.0607959 0
 0.0456771 -0.0728751 0
 -0.0588305 -0.0762322 0
 0.00209662 0.0878475 0
 -0.0289529 0.0922056 0
 -0.0598376 0.0907773 0
 0.0690298 0.00330515 0
 0.0155553 -0.0329508 0
 -0.0526963 0.00379955 0
 0.0381695 0.0366863 0
 0.0967223 -0.0314676 0
 0.0413862 -0.074218 0
 -0.0398846 -0.0946348 0
 0.0923643 0.0607288 0
 0.0748894 0.0526475 0
 0.0245582 -0.00447707 0
 -0.0841792 0.0755608 0
 0.073809 0.0286294 0
 0.0696585 0.0674673 0
 0.0991333 0.0654897 0
 0.0725272 -0.037315 0
 -0.0303995 -0.0170141 0
 -0.058507 0.0667348 0
 -0.00158391 0.0521714 0
 -0.0684622 -0.0895077 0
 0.00554521 0.0753288 0
 -0.0508652 -0.0656117 0
 0.090112 -0.00613727 0
 -0.0462447 0.00894498 0
 0.0937864 0.0230934 0
 -0.0215064 0.0978637 0
 0.0364788 0.0702078 0
 -0.0989257 0.0699942 0
 -0.0945189 0.0917295 0
 -0.00344554 -0.033665 0
 0.0794916 -0.053325 0
 0.00281075 -0.0716239 0
 -0.0315348 0.00165716 0
 -0.0697012 0.0940428 0
 -0.0490219 0.0441633 0
 -0.0529221 0.067394 0
 -0.010123 -0.0396466 0
 -0.0294107 0.0685293 0
 0.00782189 -0.0665151 0
 0.0972228 -0.0303262 0
 0.00383007 0.019364 0
 -0.0989074 -0.0760369 0
 -0.00794397 0.0549181 0
 -0.066802 -0.00701621 0
 -0.0559069 -0.0436872 0
 0.0521836 0.0794061 0
 0.016068 -0.0372906 0
 -0.081988 -0.0290262 0
 0.0417096 0.0819819 0
 0.0798273 0.00206 0
 -0.0272805 0.0946532 0
 -0.0108982 -0.0610034 0
 0.0476669 -0.0277139 0
 -0.0304727 -0.00440382 0
 -0.0294473 0.0665761 0
 0.074749 -0.015128 0
 0.0805597 -0.0746452 0
 0.0652089 -0.086578 0
 -0.00611286 0.0919004 0
 0.0354778 0.0246498 0
 0.0992492 -0.0564623 0
 -0.0768914 -0.0030427 0
 -0.0119846 -0.0738578 0
 0.0304788 -0.096588 0
 0.000497452 0.0404218 0
 -0.00928678 0.0388958 0
 -0.0306497 -0.063506 0
 -0.0909848 0.021073 0
 -0.0583544 0.0728996 0
 -0.089349 0.0715201 0
 -0.0394269 0.0963012 0
 0.0268044 0.083105 0
 0.0882687 0.0981689 0
 0.0495956 -0.0200293 0
 -0.0491928 -0.0953795 0
 0.0874447 -0.0236305 0
 -0.0131932 0.0557848 0
 0.0521592 0.0405316 0
 0.0807428 0.0307718 0
 0.0088168 -0.0301126 0
 -0.0377361 -0.0253212 0
 0.0198462 -0.0161168 0
 0.0528306 0.0838008 0
 0.0144932 0.0405988 0
 -0.0591784 -0.0948057 0
 -0.0851009 -0.0165624 0
 -0.0335856 -0.0929136 0
 -0.0498703 -0.0758293 0
 0.0975219 -0.0238807 0
 -0.0107456 -0.0314371 0
 -0.0220985 -0.00215155 0
 0.0249001 0.0907773 0
 -0.071099 -0.0232948 0
 0.0384075 0.0629017 0
 -0.0141087 0.0516404 0
 -0.0221229 0.0458296 0
 -0.0493027 0.0637196 0
 0.0803583 -0.0523667 0
 -0.0586291 0.0319315 0
 0.0694449 -0.0441572 0
 0.0204321 -0.00654622 0
 0.0594836 -0.0502304 0
 -0.0171484 -0.0353862 0
 0.097705 -0.000839259 0
 0.0851192 0.0787896 0
 -0.0245399 0.0554308 0
 -0.00349437 0.0575426 0
 0.0398846 0.0417341 0
 -0.0460982 0.0711844 0
 0.0371746 0.0481124 0
 0.00136418 -0.0549547 0
 -0.0812433 0.0379315 0
 0.0957335 -0.0322672 0
 0.0416303 -0.028019 0
 -0.040556 0.0574999 0
 0.0940367 -0.0436934 0
 0.0619739 -0.0568102 0
 -0.0221717 -0.0798273 0
 0.0109043 -0.0842036 0
 -0.0212622 0.030369 0
 -0.0658803 0.0070101 0
 0.0557115 -0.0519639 0
 -0.0657826 -0.0490524 0
 -0.0193152 -0.0656178 0
 -0.00357982 -0.0146336 0
 -0.039964 -0.0885678 0
 0.031315 0.0485519 0
 0.0688284 0.0841426 0
 0.0335368 0.0281838 0
 -0.0707022 0.0300272 0
 0.0377544 0.0183691 0
 -0.0353191 0.0627369 0
 0.0531846 0.0411725 0
 0.0596545 -0.0244484 0
 0.0578539 -0.0111789 0
 -0.0412702 -0.0286355 0
 0.0338359 0.0428694 0
 0.0337748 0.085107 0
 -0.0751396 -0.0734489 0
 -0.0481552 -0.0949095 0
 0.0973327 0.0466475 0
 0.07481 0.099414 0
 -0.0138585 0.0809503 0
 -0.0783258 -0.0463729 0
 -0.0934568 0.0677725 0
 -0.074749 0.0261147 0
 -0.0867428 -0.0463607 0
 0.0140538 -0.072869 0
 0.0880734 0.0554125 0
 0.0508896 -0.0719291 0
 -0.0627857 -0.00690023 0
 0.0594043 0.00696738 0
 0.0798212 -0.050322 0
 0.0696524 0.0366131 0
 -0.0914609 0.0140965 0
 -0.0858394 -0.0785089 0
 0.00375072 0.0636647 0
 0.00556352 -0.0101779 0
 -0.0175085 -0.0577258 0
 0.0271645 0.0468551 0
 -0.0365459 -0.00954314 0
 -0.032371 -0.00415967 0
 -0.0708182 0.0836909 0
 0.0310648 0.0327555 0
 -0.03314 0.0351848 0
 0.0537461 -0.078869 0
 0.0687796 -0.080694 0
 -0.0412702 -0.0467635 0
 0.0738823 -0.0279641 0
 0.0796136 -0.096234 0
 0.0315836 0.0245521 0
 0.0846675 -0.017539 0
 -0.030961 -0.0736869 0
 -0.0673757 0.091699 0
 -0.056737 -0.0861568 0
 -0.00860927 -0.00450148 0
 -0.0408246 -0.0185583 0
 -0.0491989 -0.0939512 0
 0.0349895 0.010123 0
 0.0608814 0.0941038 0
 -0.00393994 -0.0890011 0
 -0.073339 0.0293985 0
 0.0785577 -0.0606311 0
 -0.00905484 0.0574877 0
 -0.0759331 0.0357646 0
 -0.0638417 -0.0809503 0
 0.0465743 -0.0498337 0
 -0.0633534 -0.0818842 0
 -0.0471664 0.00574053 0
 -0.00742515 0.0453291 0
 -0.0023835 0.0582018 0
 0.0767144 0.0624989 0
 -0.0450911 -0.092822 0
 -0.0745903 0.0548387 0
 -0.0136204 -0.0842036 0
 0.00492264 0.0569201 0
 -0.0115879 0.0946348 0
 0.084344 0.0587756 0
 -0.00116886 0.00646687 0
 -0.0534776 -0.00171819 0
 0.0447005 -0.0520554 0
 0.0680593 0.0461837 0
 -0.0876461 -0.0355693 0
 -0.000344859 -0.0101474 0
 0.0209937 -0.0456648 0
 0.078222 0.0222388 0
 0.0809503 0.0191443 0
 0.0017304 -0.0579577 0
 -0.0819269 -0.0846187 0
 0.098352 0.0715506 0
 -0.0546739 -0.0351726 0
 0.0208472 0.0982238 0
 0.0629078 0.0790948 0
 0.0977294 -0.0535813 0
 0.0681265 0.0550157 0
 0.0721976 0.0854427 0
 -0.0436811 -0.00309153 0
 0.0603137 -0.0198767 0
 -0.00597858 0.0220679 0
 0.0594836 0.0902829 0
 -0.0543626 -0.0942686 0
 0.0386395 -0.0747856 0
 -0.065099 0.0217139 0
 -0.0587024 -0.0404218 0
 -0.0776482 0.0350017 0
 0.0327372 -0.0832209 0
 0.080047 -0.0974303 0
 -0.0774285 0.026249 0
 0.044792 0.0386578 0
 0.0940184 -0.0392621 0
 -0.0687857 0.00069277 0
 0.0709403 0.0600269 0
 0.0857479 -0.0477706 0
 0.0541856 -0.0528916 0
 0.0629017 0.0590747 0
 -0.0418439 -0.0567186 0
 0.00513627 0.0748405 0
 0.079162 -0.0117038 0
 -0.0926145 0.0722221 0
 -0.0734733 0.0717948 0
 -0.0523179 -0.0237648 0
 0.047972 0.0823847 0
 -0.0350139 0.0556505 0
 -0.0197241 0.0805109 0
 0.0655629 0.0288369 0
 -0.0433454 -0.0986023 0
 0.0391339 -0.0595874 0
 -0.0980163 0.0943541 0
 -0.0339763 0.064745 0
 -0.0528184 -0.0954039 0
 0.096588 -0.00731529 0
 -0.0060152 -0.0960143 0
 -0.0158971 -0.0422102 0
 -0.0386517 -0.0232398 0
 -0.0474471 -0.041789 0
 0.0447615 0.066625 0
 0.0802484 -0.069451 0
 0.0196753 -0.00855434 0
 -0.0191321 -0.0680898 0
 -0.0796442 -0.0682485 0
 -0.0370464 -0.013596 0
 -0.0746574 0.0993042 0
 0.049144 -0.0476302 0
 -0.0191931 -0.00801721 0
 0.0364727 0.0665334 0
 -0.00693075 -0.058684 0
 0.0789117 -0.0786248 0
 -0.0785089 -0.0412275 0
 -0.0265786 -0.0680288 0
 0.00302438 -0.0128636 0
 0.0307901 0.0484848 0
 0.0396039 -0.0367473 0
 -0.0875362 -0.0293558 0
 -0.0202551 -0.00168767 0
 -0.085345 0.0204749 0
 -0.0745048 0.0819819 0
 0.0809687 -0.070629 0
 -0.00397046 0.0166051 0
 0.024778 0.0959716 0
 -0.0208655 -0.0122715 0
 0.0426374 -0.0290811 0
 0.00185247 0.0772393 0
 -3.35704e-05 -0.075103 0
 -0.0485153 -0.0747429 0
 -0.0298013 0.0560411 0
 0.0782708 0.0472213 0
 -0.0912412 0.0930845 0
 -0.0890866 0.0121311 0
 -0.0569689 0.0504746 0
 -0.0836909 -0.0114109 0
 -0.040434 -0.00829798 0
 0.0346049 0.064452 0
 0.0698538 -0.0429914 0
 -0.0790948 0.0467147 0
 0.0358074 0.0118931 0
 0.024955 -0.0523423 0
 0.0363323 0.0724967 0
 -0.0602039 0.0635792 0
 0.05609 0.0642384 0
 -0.0490036 0.0523362 0
 0.0778069 0.0698782 0
 0.0173986 -0.0839717 0
 -0.0406415 0.023307 0
 -0.0852107 0.0949522 0
 -0.02313 0.00524613 0
 -0.0262429 -0.0208899 0
 -0.0849483 0.0972045 0
 -0.0571642 0.0436567 0
 0.0860897 0.0498337 0
 0.00843226 -0.0857051 0
 -0.0417402 -0.0779412 0
 -0.0975219 -0.0309122 0
 -0.0243873 -0.0529283 0
 -0.0705985 -0.0171972 0
 0.0498703 -0.0183874 0
 0.043321 0.0201147 0
 -0.0941404 -0.00536821 0
 0.00698569 0.0838618 0
 -0.0382611 -0.0482894 0
 -0.0364055 -0.0753716 0
 -0.0748344 -0.0485885 0
 0.0527146 -0.0820246 0
 -0.0131626 -0.0301675 0
 0.00162664 0.0153539 0
 -0.00757164 0.0696158 0
 -0.0767144 0.0752556 0
 0.0744133 0.0296487 0
 0.052208 -0.0194189 0
 -0.075219 0.0517502 0
 0.0494369 0.0486435 0
 -0.00985443 -0.0994751 0
 0.00798669 -0.0600208 0
 -0.0297586 -0.0673086 0
 -0.0101474 -0.0277688 0
 -0.098706 -0.0279092 0
 0.0259194 0.0453841 0
 0.00534989 0.0866817 0
 0.0100742 0.0845332 0
 -0.013126 0.0237098 0
 0.0186316 0.00654622 0
 -0.0421308 -0.0406354 0
 0.0864376 -0.0832575 0
 0.0727897 -0.0809259 0
 -0.0291482 -0.0580554 0
 0.0544053 -0.0751518 0
 -0.0650929 0.00607013 0
 0.0920042 0.0257118 0
 0.0808039 -0.045439 0
 0.0930601 0.0677053 0
 0.0650685 -0.0660573 0
 -0.030314 -0.0405072 0
 -0.0733757 0.0326395 0
 -0.0588977 0.0900021 0
 0.0589709 0.0893796 0
 -0.0666189 0.0541978 0
 0.0577685 0.0754875 0
 0.0576586 -0.0566454 0
 0.0750603 -0.0428205 0
 0.0481674 -0.0439741 0
 0.0113926 0.044261 0
 0.0412763 -0.0140538 0
 -0.0229286 -0.0687063 0
 -0.0232276 -0.0568468 0
 -0.046202 0.03773 0
 0.00267647 0.0645558 0
 0.0879696 0.0530198 0
 -0.035197 -0.029783 0
 -0.0531846 0.0930845 0
 -0.0376385 -0.0784173 0
 -0.0312174 0.0743522 0
 0.0508225 0.0379009 0
 0.039201 -0.0883358 0
 0.073278 -0.0728935 0
 0.0226173 0.0462203 0
 -0.0984375 0.0874264 0
 -0.0169347 -0.0901791 0
 0.0684622 -0.0641224 0
 -0.0765557 0.0317911 0
 0.0720634 0.0200903 0
 -0.0247291 -0.00538041 0
 -0.0662709 0.069396 0
 0.0701102 -0.0552538 0
 0.0908078 0.0418195 0
 0.023838 0.0646596 0
 0.00530107 0.0228858 0
 0.0651601 -0.0874508 0
 -0.0300943 -0.0673147 0
 -0.0606555 0.0358562 0
 0.0924741 0.0973876 0
 0.0187963 -0.0352336 0
 -0.05974 0.0414289 0
 -0.0486557 -0.00779138 0
 0.0252602 -0.0432722 0
 0.0777886 0.0462874 0
 0.0116855 0.00500198 0
 -0.0502426 0.0616016 0
 0.027073 -0.0903928 0
 -0.0206824 -0.0443464 0
 -0.0419172 -0.00690634 0
 -0.0486984 0.0165563 0
 -0.0876461 -0.0833918 0
 0.0299661 0.0083285 0
 -0.0723991 0.0776666 0
 -0.00912809 3.96741e-05 0
 -0.090759 -0.0778008 0
 -0.0904477 0.0249794 0
 0.0777947 -0.0725272 0
 0.037962 -0.0237709 0
 -0.0927671 -0.0881893 0
 -0.0999084 0.0447432 0
 0.0357524 0.0276284 0
 -0.0619434 -0.093701 0
 -0.0701651 0.0938536 0
 -0.060332 -0.0364727 0
 -0.0167028 0.0240822 0
 -0.0209387 0.0492172 0
 0.0322062 0.00670492 0
 -0.0986572 0.0972777 0
 -0.0328837 -0.00680868 0
 0.082696 -0.0125217 0
 0.023838 -0.0491684 0
 0.0970885 0.0702689 0
 0.0339152 0.0362346 0
 0.0208899 -0.0220496 0
 0.0161962 -0.0542772 0
 0.00664388 0.0283853 0
 -0.00941496 -0.00104068 0
 0.0572008 0.027604 0
 -0.00461745 0.0119968 0
 0.0314859 -0.0226051 0
 -0.010654 -0.0839106 0
 0.0132176 0.0943236 0
 0.0197851 -0.0216102 0
 0.0736869 0.0462386 0
 -0.0620838 -0.0191198 0
 -0.0400189 0.0126743 0
 0.0427412 0.0137852 0
 -0.0601672 0.0752983 0
 -0.065331 0.0396344 0
 -0.0656423 -0.0553209 0
 -0.0398114 0.0842891 0
 -0.0300638 -0.0703177 0
 -0.0712271 0.0112278 0
 0.0804804 -0.0443709 0
 0.0833308 -0.0647938 0
 0.091345 -0.06245 0
 0.00537431 0.0316691 0
 0.0161229 -0.0851802 0
 0.0362712 -0.0018952 0
 0.0976257 0.0533067 0
 0.0957152 -0.0764031 0
 0.0241432 -0.0786309 0
 0.0787042 0.0228431 0
 -0.0475082 -0.0540452 0
 -0.0876766 -0.0091586 0
 0.0688528 0.0549913 0
 0.0535325 0.0345866 0
 -0.0812677 0.012363 0
 -0.0908383 -0.0620838 0
 0.0374371 0.0517563 0
 -0.0404523 0.0158605 0
 -0.0879513 -0.0844844 0
 0.0667837 -0.0853938 0
 0.00638142 -0.0951048 0
 -0.0509018 -0.0864376 0
 0.0800348 0.0478317 0
 -0.0975341 0.0854549 0
 -0.067156 -0.00941496 0
 -0.0492904 -0.0289956 0
 0.0060213 -0.080578 0
 -0.0945982 -0.0757195 0
 -0.0289102 -0.0813105 0
 -0.0832331 -0.0150548 0
 -0.0619556 0.0713919 0
 -0.00315867 0.0337748 0
 0.0138707 -0.0913938 0
 0.0961669 0.0876095 0
 0.0426984 -0.0859188 0
 0.0152318 0.0899716 0
 0.0588549 0.089996 0
 -0.0680471 0.0537217 0
 0.0840632 0.0904172 0
 0.0263955 -0.0882015 0
 1.52593e-05 -0.0714469 0
 -0.0159825 -0.067449 0
 -0.072393 -0.0358989 0
 0.0586901 0.0556322 0
 0.0440596 -0.0231483 0
 0.0767205 0.00494705 0
 0.0691336 0.0329814 0
 0.0631397 -0.0652272 0
 -0.0481918 -0.0499252 0
 0.0715384 0.0653371 0
 -0.0114109 0.0672842 0
 0.0986084 0.0640431 0
 -0.0953734 -0.0732047 0
 0.0647633 0.0287759 0
 -0.070922 -0.0271157 0
 -0.0580432 0.0292642 0
 -0.0041963 0.0747917 0
 0.0101169 0.0629994 0
 -0.0992981 -0.0203589 0
 -0.0767998 -0.018186 0
 -0.0530198 -0.0982177 0
 -0.0335734 0.0454207 0
 -0.0905026 -0.0453841 0
 -0.0143529 0.0581591 0
 0.049559 0.0312662 0
 -0.0297098 -0.0548143 0
 0.0113132 0.0403974 0
 -0.0289285 -0.0756218 0
 -0.0689322 -0.0967589 0
 -0.0663015 -0.0698111 0
 -0.00926237 0.0183569 0
 -0.0701285 0.0456954 0
 -0.0533616 3.96741e-05 0
 -0.033256 -0.000888089 0
 0.0650136 -0.0030427 0
 0.0562181 0.0810053 0
 -0.00465407 -0.00294504 0
 -0.0747917 -0.0615528 0
 0.0129124 0.0250099 0
 0.048204 0.00241401 0
 -0.0383587 0.0385723 0
 -0.0167089 0.00455641 0
 -0.0713248 0.0299539 0
 0.0930235 -0.0602283 0
 -0.0182226 -0.0614673 0
 0.0312174 -0.0693411 0
 0.0009064 0.0811701 0
 0.0770989 -0.0497971 0
 -0.0648244 -0.093701 0
 0.0979003 0.0589038 0
 -0.0835383 -0.0217933 0
 0.0212622 -0.0873836 0
 -0.0391339 -0.00252998 0
 -0.00138249 -0.00263985 0
 0.0893796 -0.0358684 0
 -0.0591052 -0.0527268 0
 -0.00113224 0.0896176 0
 0.0076632 0.00209052 0
 -0.0852351 -0.036259 0
 -0.0689016 -0.0397137 0
 -0.0433882 -0.0169042 0
 -0.0440291 0.0841609 0
 0.047734 -0.0530931 0
 0.0768426 -0.0868404 0
 -0.0996582 0.026841 0
 -0.0461776 0.0416486 0
 -0.0927366 0.0168004 0
 -0.0118931 0.0173437 0
 0.0715384 0.0691031 0
 -0.0615406 0.0167394 0
 0.00515458 0.0232032 0
 -0.0399396 0.0537278 0
 -0.0717338 -0.0667348 0
 0.0467696 -0.0223182 0
 0.0999023 -0.0992004 0
 -0.0417829 0.0172033 0
 0.0116672 0.0186254 0
 0.0129185 -0.0741325 0
 -0.0244057 -0.067571 0
 0.0285806 0.0861751 0
 0.0373028 0.0261452 0
 -0.0089816 0.0278665 0
 0.0458663 -0.0626148 0
 -0.067217 -0.0829096 0
 0.0115696 0.00926237 0
 0.00279855 0.0724052 0
 -0.0172399 -0.0152989 0
 0.00829188 0.0640126 0
 -0.0268715 -0.0503403 0
 0.0102329 0.0524644 0
 -0.0293558 0.0314066 0
 0.0535264 -0.076928 0
 -0.0406964 0.0580615 0
 0.0132176 0.0722648 0
 -0.0148717 0.0858333 0
 0.0380108 0.00209662 0
 -0.00253609 -2.74667e-05 0
 -0.027781 -0.0206824 0
 0.0969665 0.0958922 0
 0.0375652 -0.0849605 0
 -0.0785455 0.0465194 0
 -0.0440718 -0.0785516 0
 0.000943022 -0.0376629 0
 -0.00557573 -0.0983947 0
 0.0130039 -0.0498276 0
 -0.0860775 0.0288369 0
 -0.0301737 0.0770867 0
 -0.097589 0.0717093 0
 0.0681204 -0.0544115 0
 0.0743217 0.0210364 0
 0.0332194 -0.0135472 0
 0.0171117 -0.024955 0
 0.0885006 0.0753288 0
 -0.0335734 -0.060979 0
 -0.0185034 -0.0205481 0
 0.0909787 0.0956236 0
 -0.00208441 0.0406781 0
 0.0684194 0.00219428 0
 -0.00527665 0.00108951 0
 0.0335429 0.0712577 0
 -0.0163244 -0.0225684 0
 0.0799615 -0.00956145 0
 0.0965209 0.0906369 0
 -0.00345775 0.0381512 0
 0.0629749 -0.0433515 0
 0.019895 -0.048851 0
 0.0329997 -0.0551134 0
 0.0840876 -0.0996155 0
 0.0743156 0.0104587 0
 -0.0511216 0.0312479 0
 -0.0233253 0.00649129 0
 0.0877987 -0.0755058 0
 0.093939 0.0828181 0
 -0.0829402 0.0342265 0
 0.0553514 0.0771783 0
 0.0469893 0.0589404 0
 0.0771905 -0.0946898 0
 -0.0632923 -0.0978332 0
 -0.0939634 0.0560778 0
 0.0338054 -0.0213111 0
 -0.0750359 -0.0020661 0
 -0.020127 -0.0771966 0
 0.053856 0.00298776 0
 -0.036607 0.0547288 0
 -0.0249123 -0.00513627 0
 0.0010773 0.0615162 0
 -0.0840693 -0.073339 0
 0.0290445 0.0485946 0
 -0.0812616 0.0952391 0
 -0.0150731 0.018363 0
 0.0303446 0.0980712 0
 -0.0376568 -0.0681021 0
 -0.0581713 0.0389386 0
 0.0187902 0.0101657 0
 -0.0900388 0.0887082 0
 -0.0816462 0.0308878 0
 0.0914548 0.00738853 0
 -0.00954924 0.077459 0
 -0.0785821 -0.0661489 0
 -0.014243 0.0959349 0
 0.0672414 0.0493027 0
 -0.0892392 -0.0834162 0
 -0.0110202 0.0208716 0
 -0.0780084 0.0960936 0
 0.0378094 0.0315104 0
 0.0613147 0.0367046 0
 -0.0765496 -0.0975219 0
 -0.0865474 -0.0613819 0
 0.0821467 -0.0853145 0
 -0.0329264 0.0418195 0
 -0.0238868 0.0350444 0
 -0.0394086 -0.0864681 0
 0.0560289 -0.0458174 0
 -0.00596026 0.0378094 0
 0.0175817 0.0418195 0
 0.0881405 0.0631092 0
 0.0834223 0.025779 0
 -0.028074 -0.0355205 0
 -0.0582446 -0.0987182 0
 -0.0198157 0.0764092 0
 0.0728629 0.0764519 0
 0.0417829 0.052562 0
 0.094702 0.0603992 0
 0.0404035 -0.0911618 0
 0.0589221 -0.0998108 0
 -0.0713248 0.00577105 0
 -0.0714408 0.0728751 0
 0.0771722 -0.0733146 0
 -0.0314432 0.0387799 0
 0.0393414 -0.0921812 0
 0.0804743 -0.0375225 0
 0.0137425 -0.0233863 0
 0.0125523 0.00753502 0
 -0.015183 0.0544664 0
 0.076458 -0.088702 0
 0.0233741 -0.0197851 0
 -0.098114 0.0461226 0
 -0.0718619 -0.0894772 0
 0.0603381 0.0730277 0
 0.0895322 0.0535447 0
 0.0892087 -0.00567339 0
 -0.043028 -0.00807825 0
 -0.0523728 -0.0887631 0
 -0.00901212 -0.0483627 0
 0.0351421 0.0928587 0
 0.0812677 0.0726981 0
 0.00448317 0.0626942 0
 -0.0879696 0.0380657 0
 0.0998047 -0.0909299 0
 0.0559252 -0.0829402 0
 0.0515366 -0.0744194 0
 0.0776055 -0.0205603 0
 0.0591174 -0.0121677 0
 0.0284402 -0.0635731 0
 0.092877 -0.0271584 0
 0.013419 -0.0350383 0
 0.0462813 0.0272195 0
 0.0115757 -0.0285928 0
 -0.0301065 -0.00957976 0
 0.031193 0.0509384 0
 -0.081872 -0.0206519 0
 -0.0189856 -0.00111393 0
 0.0402387 0.0405438 0
 -0.0612659 0.0303262 0
 0.0465865 0.0761589 0
 -0.00200507 -0.0359661 0
 0.0816889 -0.0499619 0
 -0.0248634 0.0272622 0
 -0.0649831 -0.0198462 0
 -0.0430097 -0.0626637 0
 0.021073 -0.0764336 0
 -0.0290872 0.0165868 0
 0.0596912 0.0602405 0
 -0.0416425 -0.0033784 0
 0.088171 0.0819452 0
 -0.0668142 0.0683828 0
 -0.0638661 -0.00754723 0
 -0.093994 0.0341044 0
 -0.00537431 -0.0746147 0
 0.055797 -0.0825007 0
 0.0105747 0.0857784 0
 -0.069982 0.0884091 0
 -0.0621448 -0.0781793 0
 -0.0455 0.0580981 0
 -0.0236671 -0.067101 0
 0.0343486 0.00159612 0
 0.0299356 0.0201758 0
 -0.0728996 -0.036845 0
 -0.0847713 -0.0139744 0
 -0.0305582 0.00121158 0
 -0.0484664 0.0885983 0
 0.0386212 0.0290262 0
 0.0640004 0.0576098 0
 -0.0700735 0.00729698 0
 0.0307901 0.077813 0
 0.0314432 0.0449568 0
 0.00567339 -0.0538072 0
 0.0772515 0.0644398 0
 -0.0527573 -0.0906491 0
 0.0604785 -0.0123753 0
 0.0860286 -0.0128636 0
 0.0873226 0.0987793 0
 0.0607349 0.0888791 0
 0.0533189 -0.0593493 0
 0.0549364 -0.0715567 0
 -0.076812 6.40889e-05 0
 -0.0346965 0.0444136 0
 0.0953978 -0.0608386 0
 -0.0671743 -0.0684988 0
 0.0327128 0.0286721 0
 0.0681021 -0.0103427 0
 0.0401288 -0.0606983 0
 -0.0979431 0.0969054 0
 -0.0288308 -0.0523545 0
 -0.00670492 -0.0877255 0
 -0.055913 -0.0872433 0
 0.0233314 -0.0848262 0
 0.0489608 0.0797174 0
 0.0109775 0.0871517 0
 -0.0728507 0.0663137 0
 -0.022898 0.0426313 0
 0.00422681 0.0893246 0
 0.0910642 -0.0853328 0
 0.0576586 -0.0136509 0
 0.0299783 0.00207831 0
 -0.0994629 0.0896908 0
 -0.0177953 0.0840388 0
 0.062566 -0.0916013 0
 0.0261391 0.008652 0
 0.0495346 0.0748039 0
 -0.0842952 0.0615101 0
 0.0626087 -0.0883175 0
 0.00372631 -0.0794183 0
 -0.0414228 0.0764824 0
 -0.0655873 -0.0962889 0
 -0.0675649 0.0386273 0
 0.0362651 -0.085052 0
 -0.096588 0.0463851 0
 0.046617 -0.00408643 0
 0.085815 -0.0606311 0
 0.09906 0.0885189 0
 -0.074163 0.0630482 0
 0.00498367 -0.0847163 0
 0.0857234 0.0413617 0
 -0.0394147 -0.0165441 0
 0.0563341 0.0639271 0
 -0.0895749 0.0192053 0
 0.0795587 0.0438276 0
 0.0989502 0.0381695 0
 -0.0382733 -0.097589 0
 0.0410627 -0.0414594 0
 0.05927 -0.0626759 0
 0.0432234 -0.0369549 0
 0.0178808 -0.0701163 0
 -0.0939512 -0.0840876 0
 -0.0534898 -0.0517136 0
 -0.060094 0.0412641 0
 0.00729698 -0.0973022 0
 -0.0754387 -0.0310038 0
 -0.0971923 0.00854823 0
 -0.0556871 -0.0454451 0
 0.0418073 0.0142796 0
 -0.0703421 -0.0212256 0
 0.0647267 -0.0501572 0
 0.036961 -0.0660024 0
 -0.0897824 0.0520981 0
 0.0971801 0.00285348 0
 -0.0960265 0.0233985 0
 0.0650136 0.035783 0
 0.0509934 0.0797235 0
 0.0996887 0.0337138 0
 0.0126499 -0.0556017 0
 0.00863979 -0.0579882 0
 -0.0501633 0.0438643 0
 0.085345 0.0620228 0
 -0.0867122 0.0615711 0
 0.0724845 0.0864681 0
 -0.0375469 -0.0936155 0
 0.0818415 0.0648793 0
 0.0941282 0.051677 0
 0.00200507 -0.0946104 0
 -0.0378887 -0.0986511 0
 0.0252785 -0.0808893 0
 0.069158 -0.060918 0
 0.0249184 0.0132969 0
 0.0123569 -0.0829646 0
 0.0140904 0.0395917 0
 0.0633778 0.0402448 0
 0.0176122 -0.0963134 0
 0.0646535 0.00298166 0
 -0.0120518 -0.0575488 0
 -0.0771233 0.0332865 0
 0.0965209 -0.0250771 0
 0.0810175 0.00200507 0
 0.0316691 -0.0665883 0
 0.0500351 -0.0475082 0
 0.03455 0.0809137 0
 -0.0182958 -0.0927427 0
 -0.0958922 -0.0789483 0
 -0.0363567 -0.0921445 0
 -0.0975097 0.00695517 0
 0.0178625 -0.0557848 0
 -0.00791345 -0.0449202 0
 0.0840999 -0.0703726 0
 -0.0645802 0.0705008 0
 -0.030839 -0.0222388 0
 0.0892697 0.089642 0
 -0.0564684 -0.0621876 0
 0.0240822 0.0469405 0
 -0.0335124 0.0441633 0
 0.000100711 -0.0284524 0
 0.0209815 0.0367107 0
 0.0313334 0.020365 0
 -0.0604419 0.00815149 0
 -0.0313089 -0.0463668 0
 0.00252388 -0.0655263 0
 -0.0664785 -0.0406171 0
 0.0896176 -0.0550829 0
 -0.0672536 -0.0670339 0
 0.0664663 0.0876095 0
 -0.0130833 0.0178747 0
 -0.0129429 0.0471603 0
 0.00243233 -0.0858333 0
 -0.00652791 -0.02949 0
 -0.0809137 -0.0392438 0
 0.094116 0.0571276 0
 -0.0356792 0.0976928 0
 -0.0982665 0.0700125 0
 -0.0546739 -0.0851741 0
 -0.087524 0.0236122 0
 0.0102878 0.0930845 0
 0.00713828 0.00490432 0
 0.0100497 0.0444746 0
 -0.0440107 -0.0159825 0
 0.0913999 0.0572802 0
 0.00837733 -0.0295389 0
 0.0532151 -0.0475021 0
 -0.0517319 -0.0286172 0
 0.0968322 -0.0421003 0
 0.0971618 -0.0920164 0
 -0.0982971 0.00589312 0
 0.0453902 -0.0535997 0
 0.0577929 -0.0385052 0
 -0.00666219 -0.000680563 0
 -0.014243 -0.0133946 0
 0.0835261 0.0544664 0
 -0.0236061 -0.0531358 0
 0.00506912 0.0863948 0
 0.0803644 0.0673391 0
 0.0516037 0.0076693 0
 0.0796075 -0.0567003 0
 -0.0860286 0.0157567 0
 0.0716605 -0.0876827 0
 -0.0110263 -0.00811487 0
 0.0980956 0.0939207 0
 0.0853023 -0.0919004 0
 -0.0516526 -0.0969176 0
 -0.0919431 0.0987732 0
 -0.0298074 -0.0561266 0
 0.0030427 -0.047203 0
 0.0181127 0.0892697 0
 -0.0580065 0.0827937 0
 -0.0292154 0.0537034 0
 0.0301614 -0.0725822 0
 -0.0509995 0.0643666 0
 -0.0826777 0.04326 0
 0.0651967 -0.0624317 0
 -0.00632649 0.0422834 0
 0.0358562 -0.0334758 0
 -0.0483932 0.0313761 0
 0.08811 -0.0734306 0
 -0.00514237 -0.0900266 0
 0.0916868 0.00434278 0
 0.0761162 -0.0177526 0
 -0.0525132 -0.0430219 0
 0.0443892 0.0398846 0
 -0.0358867 -0.0923765 0
 0.083459 -0.0280801 0
 0.0534654 0.0835688 0
 -0.0775079 0.0577319 0
 0.0767632 -0.0968322 0
 0.000271615 -0.000570696 0
 -0.0277627 -0.0821345 0
 0.0641163 0.0500961 0
 -0.00434278 0.0155553 0
 -0.0151524 0.0938047 0
 -0.0949889 -0.00854823 0
 0.0690542 0.033964 0
 0.0206275 0.0929197 0
 0.0497971 -0.0539109 0
 -0.00813318 0.0442244 0
 0.0371502 -0.0487594 0
 0.00174261 -0.0422529 0
 0.00971404 0.0664418 0
 0.0406903 0.0376873 0
 -0.0715873 -0.0117038 0
 -0.0193152 0.082635 0
 0.0538194 0.0660817 0
 0.0810602 0.093231 0
 -0.0518052 0.0204871 0
 0.0571703 -0.00890835 0
 -0.0563707 0.0643727 0
 -0.0568163 -0.0445845 0
 -0.0426557 -0.0183264 0
 0.0803461 -0.0166906 0
 0.035612 0.0208289 0
 0.0617786 -0.0197363 0
 -0.0926572 -0.0411969 0
 -0.0347758 -0.0130589 0
 -0.0711844 -0.00782189 0
 -0.0950377 0.0485214 0
 -0.0994995 0.0113681 0
 0.0340556 -0.0671133 0
 -0.0624195 -0.0856563 0
 0.0282327 0.00392773 0
 0.0750786 -0.0839961 0
 -0.0172582 0.05609 0
 -0.0108676 -0.090466 0
 -0.0467391 0.0165563 0
 -0.0845576 0.0359783 0
 0.0722587 -0.0787286 0
 -0.0537156 -0.0817804 0
 0.0719169 0.0710135 0
 -0.0127415 -0.0842708 0
 -0.0549608 -0.0262246 0
 -0.0449202 0.0562059 0
 -0.0249367 -0.0202063 0
 0.0976073 0.000430311 0
 0.0664174 0.0153111 0
 0.0174291 0.0966308 0
 0.00657064 -0.0784906 0
 0.0801569 0.0804559 0
 -0.00901822 0.00472121 0
 -0.0112094 0.0770135 0
 0.0421369 -0.0957945 0
 0.00531938 0.060979 0
 0.0540208 -0.0161962 0
 0.000833155 0.0312967 0
 0.0932249 -0.046379 0
 0.0154149 0.0564684 0
 0.0879208 -0.0719352 0
 -0.0909482 0.0468612 0
 -0.0640126 0.0264748 0
 -0.0151952 0.0102145 0
 -0.036436 -0.0774834 0
 -0.0345256 0.046556 0
 -0.034843 0.0487533 0
 0.00507523 0.0388836 0
 -0.04326 0.0624378 0
 -0.0837153 0.0957457 0
 0.0729301 0.0789789 0
 0.0951781 -0.0979614 0
 -0.0604419 0.079162 0
 -0.0755181 0.034312 0
 -0.0470931 -0.00350047 0
 -0.0634205 -0.00333567 0
 -0.00316477 0.0908811 0
 -0.0824519 0.0337199 0
 0.0290017 -0.0852107 0
 0.0334391 0.0767083 0
 0.0675344 0.078399 0
 -0.039903 0.0790338 0
 0.00930509 -0.0803156 0
 0.0977477 0.097589 0
 0.011124 0.0859249 0
 0.0515488 -0.0240638 0
 0.065038 -0.0672964 0
 0.0594836 -0.0142308 0
 0.0990356 -0.0531602 0
 -0.051268 0.0827876 0
 0.0344218 0.0993164 0
 -0.0982177 -0.0667409 0
 -0.0689749 -0.0654775 0
 0.0136204 -0.0323832 0
 0.0516099 -0.0977966 0
 -0.0789056 0.0171422 0
 -0.0233802 -0.0619312 0
 0.0859188 -0.00979949 0
 0.000595111 -0.000405896 0
 0.0123142 -0.0558824 0
 -0.0585192 -0.0368877 0
 -0.019248 0.00905484 0
 -0.00591754 -0.0115146 0
 -0.0210486 -0.0799677 0
 -0.0411359 -0.0423994 0
 0.0113315 0.0134861 0
 0.0774468 0.0929624 0
 0.0683157 0.0444258 0
 0.00596026 -0.037431 0
 -0.0634266 0.0806269 0
 -0.0424299 -0.0225562 0
 -0.0683889 0.030015 0
 -0.0546434 -0.0120823 0
 -0.0662099 0.057445 0
 -0.0431623 0.0850215 0
 0.00917081 0.0472701 0
 -0.00857265 0.0132115 0
 -0.00365307 -0.0322062 0
 -0.00803552 -0.0993286 0
 -0.0594592 0.0939512 0
 0.00171209 -0.0865596 0
 -0.04373 -0.0555651 0
 -0.0220679 -0.0603992 0
 -0.000326548 0.089581 0
 -0.00663167 -0.0901791 0
 -0.0680349 0.0860836 0
 0.0569079 0.0604785 0
 -0.0449202 0.0950499 0
 0.0845515 -0.054442 0
 0.000851466 0.0394147 0
 0.0521226 -0.0962706 0
 -0.0450179 0.0570971 0
 0.060802 -0.013358 0
 0.096997 -0.0938902 0
 -0.0531907 0.054857 0
 0.0374737 0.0778619 0
 -0.0335002 0.0476119 0
 -0.0662099 0.0749016 0
 -0.0119175 -0.0673574 0
 0.0656606 0.00940275 0
 -0.0787652 -0.0576464 0
 -0.0483932 -0.0214331 0
 0.0158605 0.00252388 0
 0.0878353 -0.0267556 0
 -0.0387738 -0.0401166 0
 0.090466 -0.0240028 0
 0.0167577 -0.085229 0
 -0.0773614 0.00489822 0
 -0.0942869 0.0651051 0
 -0.0123569 -0.040788 0
 -0.096997 -0.0321207 0
 -0.0308023 0.0233924 0
 0.0483932 0.0246132 0
 0.000387585 0.0853999 0
 -0.0836604 0.0967589 0
 0.0422773 -0.0741874 0
 0.0737846 0.0574816 0
 0.0535569 0.0339091 0
 0.0569506 -0.01395 0
 0.0324625 0.00682699 0
 -0.00132145 0.011008 0
 -0.0877621 -0.011655 0
 -0.062682 -0.0915769 0
 -0.00870083 -0.0967895 0
 -0.0614856 0.0615345 0
 0.079461 -0.056444 0
 0.0611805 0.0878475 0
 0.0414411 0.0634022 0
 0.0987976 -0.0597949 0
 -0.0811884 -0.0623157 0
 -0.0725883 -0.0121677 0
 -0.0881832 -0.0580126 0
 -0.00850551 0.0837642 0
 0.00210883 0.00918302 0
 -0.0410627 -0.075219 0
 0.0978088 -0.0807123 0
 0.076458 -0.0896908 0
 0.0820551 0.0788446 0
 0.0566332 0.00622272 0
 0.0463546 -0.054149 0
 0.0278176 0.0201209 0
 0.0898923 -0.0431501 0
 -0.021775 -0.00590533 0
 -0.0338481 -0.0880001 0
 0.0253883 -0.0786248 0
 -0.0419477 0.0747978 0
 -0.0577685 0.0930479 0
 0.062804 -0.0576464 0
 0.071099 0.0810114 0
 0.0678335 -0.0572802 0
 0.0568285 0.0636952 0
 -0.00105289 0.0153661 0
 -0.0696585 -0.0995788 0
 -0.0779778 -0.0688711 0
 -0.0262368 0.0609485 0
 -0.020542 -0.0921384 0
 0.0984619 0.0162999 0
 0.0426069 -0.0219642 0
 -0.032725 -0.00278024 0
 0.0615589 0.0645558 0
 -0.00791955 -0.0736076 0
 0.0933531 0.0209937 0
 0.0380108 0.0307901 0
 0.0900021 -0.00741905 0
 -0.0344401 -0.0597034 0
 0.0275246 -0.0458907 0
 0.0418867 -0.0209998 0
 0.0572314 -0.018955 0
 -0.047618 0.0552171 0
 0.0605274 -0.0898984 0
 0.0440413 0.0566271 0
 0.0885128 -0.0544664 0
 -0.0684439 -0.0432356 0
 0.0675405 0.067333 0
 0.0977172 -0.0609241 0
 0.0521104 -0.00233467 0
 0.0190405 -0.0552477 0
 0.00620441 -0.0182165 0
 0.0481796 -0.0492782 0
 -0.00555742 -0.0604114 0
 -0.0158727 -0.016068 0
 -0.0357524 0.0441755 0
 -0.0383892 -0.0218238 0
 0.000234993 0.0835627 0
 -0.00913419 0.0798273 0
 0.0321696 0.0619129 0
 -0.0209693 -0.0914548 0
 0.0776666 -0.00357372 0
 -0.0355388 -0.0205359 0
 0.000881985 -0.0338176 0
 -0.00482498 -0.00724815 0
 0.0685293 -0.0308023 0
 -0.0173193 -0.00279855 0
 0.0843562 0.0439497 0
 -0.037553 -0.0662343 0
 -0.0165929 0.0115635 0
 0.0922727 -0.0345195 0
 0.0673086 0.094995 0
 0.019779 0.0999451 0
 -0.0381939 -0.028605 0
 -0.0496689 -0.0893857 0
 0.0778314 -0.0860652 0
 0.0465621 0.0632496 0
 0.0573168 -0.0206702 0
 0.0907773 0.0535691 0
 -0.014951 0.0973022 0
 0.041551 0.0625965 0
 0.0477767 0.0182714 0
 0.0156713 -0.0642567 0
 0.0217994 -0.0245033 0
 -0.0732414 -0.00793176 0
 0.0704154 0.0179113 0
 -0.088287 0.0697623 0
 0.0322611 0.0699026 0
 -0.0236122 -0.0857418 0
 0.0820307 0.0742912 0
 -0.00842616 -0.0847774 0
 -0.0553819 0.0748344 0
 0.0707022 0.0985107 0
 -0.0558824 -0.00569781 0
 0.0603504 -0.0204688 0
 0.0687368 -0.0353618 0
 -0.0250404 -0.0157994 0
 -0.0669424 -0.0347636 0
 -0.0930723 0.0436384 0
 0.0187841 0.0257057 0
 0.0433088 0.0690481 0
 0.0752434 -0.050676 0
 -0.0795587 -0.08717 0
 0.060918 0.0134678 0
 -0.0523057 -0.0776421 0
 -0.092761 0.00323191 0
 -0.0683706 0.0925291 0
 0.0859188 0.0344768 0
 0.0317728 -0.0766411 0
 0.060979 -0.0773675 0
 0.0792901 -0.0109592 0
 0.00686972 -0.0465987 0
 0.0898007 -0.0755913 0
 0.0738517 0.0117161 0
 -0.0983886 0.0353801 0
 -0.0182043 -0.0749199 0
 -0.0294534 0.0393475 0
 0.0239113 -0.0222877 0
 0.0526841 -0.0579943 0
 0.0613269 0.0515427 0
 0.00622272 -0.0432905 0
 -0.00996429 -0.0495468 0
 0.0438032 0.0726432 0
 0.0613392 -0.0359783 0
 0.0663564 -0.0219153 0
 -0.0629688 0.0268777 0
 0.00994598 -0.054973 0
 0.0606372 -0.0699515 0
 0.0367046 -0.0186682 0
 0.0258522 -0.059447 0
 -0.0988586 0.0567186 0
 -0.0764153 0.0853999 0
 -0.0768303 -0.0911191 0
 -0.0512986 0.0562609 0
 0.0989135 0.0358562 0
 0.0478011 -0.0088168 0
 -0.0192785 -0.0189673 0
 0.0892453 0.0894528 0
 0.0576159 -0.0830439 0
 -0.0632557 -0.0841365 0
 0.0672597 0.0342265 0
 -0.0923154 -0.0491745 0
 -0.029075 -0.0583117 0
 -0.00254219 0.0422773 0
 0.0225501 -0.0157018 0
 -0.0489669 -0.0841243 0
 0.0631947 0.0846675 0
 -0.0368572 -0.000326548 0
 0.0721305 0.0148106 0
 0.0881466 -0.0806207 0
 -0.0941465 -0.0958129 0
 -0.0591113 -0.0792657 0
 0.0562059 0.0903012 0
 -0.0300516 -0.0250587 0
 -0.0411298 -0.0819086 0
 0.0842647 0.0236427 0
 0.0835688 -0.00544755 0
 -0.0853999 -0.0804621 0
 -0.06292 -0.0955382 0
 0.0910215 -0.0809565 0
 0.010477 0.0939146 0
 0.0176061 0.08305 0
 0.00166326 -0.0725394 0
 -0.0742851 0.0421674 0
 -0.055388 0.025547 0
 0.0870052 0.082757 0
 -0.0235023 0.0880795 0
 -0.0325907 0.00977508 0
 -0.026072 -0.0892819 0
 0.00350047 -0.0570727 0
 -0.0103977 -7.01926e-05 0
 -0.0177343 -0.0977599 0
 -0.0794122 0.0931089 0
 -0.0943358 -0.0606922 0
 -0.0604846 -0.00995819 0
 -0.0787469 0.0705679 0
 -0.0801263 0.00201727 0
 3.35704e-05 -0.0313395 0
 -0.0132725 0.0246193 0
 -0.0572008 0.0684133 0
 0.0240761 -0.0592639 0
 -0.00369579 0.0433088 0
 0.0700674 -0.0401715 0
 0.0604114 -0.0908689 0
 0.0314066 -0.000222785 0
 -0.0325175 -0.0893551 0
 0.0481063 -0.0824091 0
 0.01536 0.0478133 0
 -0.0600879 0.0951659 0
 0.0350322 -0.00231025 0
 0.0655934 -0.0136387 0
 -0.0256508 0.0882809 0
 0.0263771 -0.0682974 0
 0.0790277 0.0805963 0
 -0.0551927 0.0468856 0
 0.0521348 0.0151585 0
 -0.0497909 0.0913022 0
 0.0733329 0.0792108 0
 0.00204169 -0.076989 0
 0.0592029 -0.0491195 0
 0.0823969 0.0461959 0
 0.045732 -0.0234291 0
 0.0889279 0.0574633 0
 0.0744316 0.0377422 0
 0.0593493 0.0972716 0
 0.0631031 0.0634693 0
 0.0588977 -0.0873959 0
 0.042729 0.0449019 0
 -0.0381451 0.0373333 0
 0.0415571 -0.0920469 0
 0.0585681 0.0962645 0
 -0.00229194 -0.0995666 0
 -0.0810358 -0.0606128 0
 -0.0183935 0.0498886 0
 0.044145 0.0124363 0
 -0.0906674 -0.0516343 0
 -0.063097 0.0699271 0
 0.0283364 0.0204505 0
 -0.0771538 0.0371624 0
 -0.0434187 -0.0693228 0
 -0.047026 -0.072808 0
 -0.0434797 0.0867061 0
 -0.0807123 0.0192236 0
 0.0250771 0.0943846 0
 -0.0855403 0.00448317 0
 0.0808222 -0.0789056 0
 -0.0330912 -0.0940062 0
 0.0297769 0.0235084 0
 0.0825495 0.0784173 0
 -0.00909757 -0.00399487 0
 -0.0756401 0.094171 0
 0.062627 -0.00384838 0
 -0.0387982 0.0222083 0
 -0.0883663 -0.0967406 0
